{
    "Stage_1\/2":{
        "count_mean":2516.4,
        "count_std":42.7144488192,
        "count_max":2584.0,
        "count_min":2415.0,
        "count_median":2522.0,
        "percentage_of_total_scans_mean":3.7886847468,
        "percentage_of_total_scans_std":0.0638519853,
        "percentage_of_total_scans_max":3.8847098904,
        "percentage_of_total_scans_min":3.6467692494,
        "percentage_of_total_scans_median":3.8021413563,
        "percentage_of_positive_biopsies_mean":70.0224911261,
        "percentage_of_positive_biopsies_std":0.5239546577,
        "percentage_of_positive_biopsies_max":71.2691771269,
        "percentage_of_positive_biopsies_min":69.2181966767,
        "percentage_of_positive_biopsies_median":69.8375199656
    },
    "Stage_3\/4":{
        "count_mean":1077.4,
        "count_std":29.0654433993,
        "count_max":1130.0,
        "count_min":1017.0,
        "count_median":1078.0,
        "percentage_of_total_scans_mean":1.6221214706,
        "percentage_of_total_scans_std":0.0432189947,
        "percentage_of_total_scans_max":1.6908320989,
        "percentage_of_total_scans_min":1.5224095087,
        "percentage_of_total_scans_median":1.6257968386,
        "percentage_of_positive_biopsies_mean":29.9775088739,
        "percentage_of_positive_biopsies_std":0.5239546577,
        "percentage_of_positive_biopsies_max":30.7818033233,
        "percentage_of_positive_biopsies_min":28.7308228731,
        "percentage_of_positive_biopsies_median":30.1624800344
    }
}

{
    "in_queue_mean":{
        "max":null,
        "mean":1.2354551126,
        "median":1.2343321891,
        "std":0.0147110973
    },
    "in_queue_max":{
        "max":3.345582238,
        "mean":2.9267927785,
        "median":null,
        "std":0.1467215822
    },
    "in_system_mean":{
        "max":null,
        "mean":1.2458755512,
        "median":1.2447676852,
        "std":0.014720695
    },
    "in_system_max":{
        "max":3.3846104998,
        "mean":2.9524073107,
        "median":null,
        "std":0.1467980506
    },
    "service_time_mean":{
        "max":null,
        "mean":15.0054315043,
        "median":14.9969664281,
        "std":0.047161841
    }
}

{
    "id_total_unique_arrivals":{
        "mean":42585.9,
        "std":212.1745134033,
        "max":43092.0,
        "min":42136.0,
        "median":42575.0
    },
    "id_total_patients_returned_to_queue":{
        "mean":66623.3333333333,
        "std":327.967127593,
        "max":67430.0,
        "min":66076.0,
        "median":66560.5
    },
    "id_total_patients_served":{
        "mean":66619.7333333333,
        "std":328.736760146,
        "max":67430.0,
        "min":66072.0,
        "median":66559.5
    }
}

{
    "('queue_size_mean', 'mean')":{
        "total":61.4506481481
    },
    "('queue_size_mean', 'std')":{
        "total":1.1077092759
    },
    "('queue_size_mean', 'median')":{
        "total":61.2365740741
    },
    "('queue_size_max', 'mean')":{
        "total":201.7666666667
    },
    "('queue_size_max', 'std')":{
        "total":8.2824423074
    },
    "('queue_size_max', 'max')":{
        "total":219
    }
}

{
    "('utilization_mean', 'mean')":{
        "Single_Queue":0.8971197134
    },
    "('utilization_mean', 'std')":{
        "Single_Queue":0.004659676
    },
    "('utilization_mean', 'median')":{
        "Single_Queue":0.8970954432
    },
    "('utilization_max', 'mean')":{
        "Single_Queue":1.1068425071
    },
    "('utilization_max', 'std')":{
        "Single_Queue":0.015095034
    },
    "('utilization_max', 'max')":{
        "Single_Queue":1.1497821255
    }
}