{
    "Stage_1\/2":{
        "count_mean":2851.9333333333,
        "count_std":59.5210384905,
        "count_max":2968.0,
        "count_min":2756.0,
        "count_median":2857.0,
        "percentage_of_total_scans_mean":3.7974352802,
        "percentage_of_total_scans_std":0.0809409072,
        "percentage_of_total_scans_max":3.9514851353,
        "percentage_of_total_scans_min":3.6545685413,
        "percentage_of_total_scans_median":3.8027024286,
        "percentage_of_positive_biopsies_mean":69.8851932737,
        "percentage_of_positive_biopsies_std":0.7584068612,
        "percentage_of_positive_biopsies_max":71.2916246216,
        "percentage_of_positive_biopsies_min":68.1739985254,
        "percentage_of_positive_biopsies_median":69.8890704732
    },
    "Stage_3\/4":{
        "count_mean":1228.9333333333,
        "count_std":37.1213604586,
        "count_max":1295.0,
        "count_min":1138.0,
        "count_median":1234.5,
        "percentage_of_total_scans_mean":1.6363000789,
        "percentage_of_total_scans_std":0.0478799622,
        "percentage_of_total_scans_max":1.7239543119,
        "percentage_of_total_scans_min":1.5269428939,
        "percentage_of_total_scans_median":1.6448422208,
        "percentage_of_positive_biopsies_mean":30.1148067263,
        "percentage_of_positive_biopsies_std":0.7584068612,
        "percentage_of_positive_biopsies_max":31.8260014746,
        "percentage_of_positive_biopsies_min":28.7083753784,
        "percentage_of_positive_biopsies_median":30.1109295268
    }
}

{
    "in_queue_mean":{
        "max":null,
        "mean":2.3831324839,
        "median":2.2892875967,
        "std":0.428459222
    },
    "in_queue_max":{
        "max":8.9057139847,
        "mean":6.3653993234,
        "median":null,
        "std":1.4168108981
    },
    "in_system_mean":{
        "max":null,
        "mean":2.3935537786,
        "median":2.2997438621,
        "std":0.4284662655
    },
    "in_system_max":{
        "max":8.9426687441,
        "mean":6.3835609704,
        "median":null,
        "std":1.4154818879
    },
    "service_time_mean":{
        "max":null,
        "mean":15.0066642937,
        "median":14.9964743619,
        "std":0.0471356165
    }
}

{
    "id_total_unique_arrivals":{
        "mean":48445.6,
        "std":231.6098979482,
        "max":48964.0,
        "min":48002.0,
        "median":48449.5
    },
    "id_total_patients_returned_to_queue":{
        "mean":75429.2333333333,
        "std":414.509571732,
        "max":76248.0,
        "min":74479.0,
        "median":75445.0
    },
    "id_total_patients_served":{
        "mean":75327.5333333333,
        "std":387.2894073654,
        "max":76072.0,
        "min":74421.0,
        "median":75351.5
    }
}

{
    "('queue_size_mean', 'mean')":{
        "total":149.9886728395
    },
    "('queue_size_mean', 'std')":{
        "total":30.3970073363
    },
    "('queue_size_mean', 'median')":{
        "total":143.387037037
    },
    "('queue_size_max', 'mean')":{
        "total":422.4666666667
    },
    "('queue_size_max', 'std')":{
        "total":95.5267549932
    },
    "('queue_size_max', 'max')":{
        "total":654
    }
}

{
    "('utilization_mean', 'mean')":{
        "Single_Queue":1.0157123457
    },
    "('utilization_mean', 'std')":{
        "Single_Queue":0.0049783039
    },
    "('utilization_mean', 'median')":{
        "Single_Queue":1.0171997849
    },
    "('utilization_max', 'mean')":{
        "Single_Queue":1.1142459253
    },
    "('utilization_max', 'std')":{
        "Single_Queue":0.0139150214
    },
    "('utilization_max', 'max')":{
        "Single_Queue":1.1621639281
    }
}

