{
    "Stage_1\/2":{
        "count_mean":2019.8333333333,
        "count_std":53.9029033402,
        "count_max":2121.0,
        "count_min":1912.0,
        "count_median":2012.0,
        "percentage_of_total_scans_mean":3.3301181208,
        "percentage_of_total_scans_std":0.0811516777,
        "percentage_of_total_scans_max":3.4892402648,
        "percentage_of_total_scans_min":3.1941196124,
        "percentage_of_total_scans_median":3.3221274608,
        "percentage_of_positive_biopsies_mean":61.3013553129,
        "percentage_of_positive_biopsies_std":0.866197486,
        "percentage_of_positive_biopsies_max":63.0899937067,
        "percentage_of_positive_biopsies_min":59.8060681889,
        "percentage_of_positive_biopsies_median":61.3036909747
    },
    "Stage_3\/4":{
        "count_mean":1275.1333333333,
        "count_std":42.2086225325,
        "count_max":1396.0,
        "count_min":1173.0,
        "count_median":1270.5,
        "percentage_of_total_scans_mean":2.1024087989,
        "percentage_of_total_scans_std":0.0684191977,
        "percentage_of_total_scans_max":2.3033642979,
        "percentage_of_total_scans_min":1.9477284803,
        "percentage_of_total_scans_median":2.0930723939,
        "percentage_of_positive_biopsies_mean":38.6986446871,
        "percentage_of_positive_biopsies_std":0.866197486,
        "percentage_of_positive_biopsies_max":40.1939318111,
        "percentage_of_positive_biopsies_min":36.9100062933,
        "percentage_of_positive_biopsies_median":38.6963090253
    }
}

{
    "in_queue_mean":{
        "max":null,
        "mean":308.0640947749,
        "median":308.5305822241,
        "std":4.2225359209
    },
    "in_queue_max":{
        "max":409.9234347722,
        "mean":402.3046285139,
        "median":null,
        "std":5.1405136279
    },
    "in_system_mean":{
        "max":null,
        "mean":308.0745089515,
        "median":308.5409969247,
        "std":4.2225472015
    },
    "in_system_max":{
        "max":409.9468285397,
        "mean":402.3290049751,
        "median":null,
        "std":5.1435724224
    },
    "service_time_mean":{
        "max":null,
        "mean":14.9964143908,
        "median":14.9971687496,
        "std":0.0488762699
    }
}

{
    "id_total_unique_arrivals":{
        "mean":75602.6,
        "std":336.0883094131,
        "max":76102.0,
        "min":74791.0,
        "median":75641.0
    },
    "id_total_patients_returned_to_queue":{
        "mean":96899.6666666667,
        "std":325.2134930964,
        "max":97574.0,
        "min":96335.0,
        "median":96879.5
    },
    "id_total_patients_served":{
        "mean":60834.9,
        "std":423.240320581,
        "max":61792.0,
        "min":60026.0,
        "median":60823.0
    }
}

{
    "('queue_size_mean', 'mean')":{
        "total":25637.0890740741
    },
    "('queue_size_mean', 'std')":{
        "total":363.0095739772
    },
    "('queue_size_mean', 'median')":{
        "total":25640.6240740741
    },
    "('queue_size_max', 'mean')":{
        "total":36143.8333333333
    },
    "('queue_size_max', 'std')":{
        "total":490.5874088754
    },
    "('queue_size_max', 'max')":{
        "total":36908
    }
}

{
    "('utilization_mean', 'mean')":{
        "Single_Queue":1.0281032722
    },
    "('utilization_mean', 'std')":{
        "Single_Queue":0.0005817194
    },
    "('utilization_mean', 'median')":{
        "Single_Queue":1.0282623568
    },
    "('utilization_max', 'mean')":{
        "Single_Queue":1.1247374996
    },
    "('utilization_max', 'std')":{
        "Single_Queue":0.0181468879
    },
    "('utilization_max', 'max')":{
        "Single_Queue":1.1846001939
    }
}