{
    "Stage_1\/2":{
        "count_mean":2236.3,
        "count_std":46.5648602156,
        "count_max":2347.0,
        "count_min":2151.0,
        "count_median":2230.5,
        "percentage_of_total_scans_mean":3.4516807157,
        "percentage_of_total_scans_std":0.0728401494,
        "percentage_of_total_scans_max":3.6249343589,
        "percentage_of_total_scans_min":3.3197518289,
        "percentage_of_total_scans_median":3.4478867861,
        "percentage_of_positive_biopsies_mean":63.5661956082,
        "percentage_of_positive_biopsies_std":0.6909690017,
        "percentage_of_positive_biopsies_max":65.0299743077,
        "percentage_of_positive_biopsies_min":62.4644280023,
        "percentage_of_positive_biopsies_median":63.5504563373
    },
    "Stage_3\/4":{
        "count_mean":1281.7666666667,
        "count_std":33.2863059068,
        "count_max":1334.0,
        "count_min":1208.0,
        "count_median":1286.0,
        "percentage_of_total_scans_mean":1.9783115887,
        "percentage_of_total_scans_std":0.049160419,
        "percentage_of_total_scans_max":2.0629767138,
        "percentage_of_total_scans_min":1.875601652,
        "percentage_of_total_scans_median":1.9835315831,
        "percentage_of_positive_biopsies_mean":36.4338043918,
        "percentage_of_positive_biopsies_std":0.6909690017,
        "percentage_of_positive_biopsies_max":37.5355719977,
        "percentage_of_positive_biopsies_min":34.9700256923,
        "percentage_of_positive_biopsies_median":36.4495436627
    }
}

{
    "in_queue_mean":{
        "max":null,
        "mean":237.0906985059,
        "median":237.0094982726,
        "std":3.9828286619
    },
    "in_queue_max":{
        "max":326.6691523641,
        "mean":316.4702203627,
        "median":null,
        "std":3.8281695733
    },
    "in_system_mean":{
        "max":null,
        "mean":237.1011158486,
        "median":237.0199250848,
        "std":3.9828447474
    },
    "in_system_max":{
        "max":326.6696832612,
        "mean":316.4880968445,
        "median":null,
        "std":3.8246644414
    },
    "service_time_mean":{
        "max":null,
        "mean":15.0009733726,
        "median":15.002935574,
        "std":0.0558998605
    }
}

{
    "id_total_unique_arrivals":{
        "mean":68643.3333333333,
        "std":239.3297153378,
        "max":69155.0,
        "min":68167.0,
        "median":68587.5
    },
    "id_total_patients_returned_to_queue":{
        "mean":91737.6666666667,
        "std":299.0723973398,
        "max":92238.0,
        "min":91246.0,
        "median":91814.5
    },
    "id_total_patients_served":{
        "mean":64991.1666666667,
        "std":398.2176742586,
        "max":65891.0,
        "min":64264.0,
        "median":64987.5
    }
}

{
    "('queue_size_mean', 'mean')":{
        "total":19008.0314814815
    },
    "('queue_size_mean', 'std')":{
        "total":287.6965602811
    },
    "('queue_size_mean', 'median')":{
        "total":18937.6074074074
    },
    "('queue_size_max', 'mean')":{
        "total":26853.1
    },
    "('queue_size_max', 'std')":{
        "total":342.4085430372
    },
    "('queue_size_max', 'max')":{
        "total":27728
    }
}

{
    "('utilization_mean', 'mean')":{
        "Single_Queue":1.0280421023
    },
    "('utilization_mean', 'std')":{
        "Single_Queue":0.0006890268
    },
    "('utilization_mean', 'median')":{
        "Single_Queue":1.0278717578
    },
    "('utilization_max', 'mean')":{
        "Single_Queue":1.1169791753
    },
    "('utilization_max', 'std')":{
        "Single_Queue":0.0161336995
    },
    "('utilization_max', 'max')":{
        "Single_Queue":1.1543043719
    }
}