{
    "Stage_1\/2":{
        "count_mean":2768.7666666667,
        "count_std":52.9076510557,
        "count_max":2859.0,
        "count_min":2679.0,
        "count_median":2771.5,
        "percentage_of_total_scans_mean":3.7976963717,
        "percentage_of_total_scans_std":0.0720349882,
        "percentage_of_total_scans_max":3.9199824499,
        "percentage_of_total_scans_min":3.6686698334,
        "percentage_of_total_scans_median":3.7943515057,
        "percentage_of_positive_biopsies_mean":70.1528682769,
        "percentage_of_positive_biopsies_std":0.6281859835,
        "percentage_of_positive_biopsies_max":71.3495853229,
        "percentage_of_positive_biopsies_min":69.1034131431,
        "percentage_of_positive_biopsies_median":70.1557480076
    },
    "Stage_3\/4":{
        "count_mean":1177.8666666667,
        "count_std":26.4010623262,
        "count_max":1225.0,
        "count_min":1126.0,
        "count_median":1175.0,
        "percentage_of_total_scans_mean":1.61556609,
        "percentage_of_total_scans_std":0.0350000096,
        "percentage_of_total_scans_max":1.6682023847,
        "percentage_of_total_scans_min":1.5407983142,
        "percentage_of_total_scans_median":1.61438173,
        "percentage_of_positive_biopsies_mean":29.8471317231,
        "percentage_of_positive_biopsies_std":0.6281859835,
        "percentage_of_positive_biopsies_max":30.8965868569,
        "percentage_of_positive_biopsies_min":28.6504146771,
        "percentage_of_positive_biopsies_median":29.8442519924
    }
}

{
    "in_queue_mean":{
        "max":null,
        "mean":1.6358686349,
        "median":1.6288421443,
        "std":0.0605790972
    },
    "in_queue_max":{
        "max":4.8636731556,
        "mean":3.9127739604,
        "median":null,
        "std":0.4085740044
    },
    "in_system_mean":{
        "max":null,
        "mean":1.6462777774,
        "median":1.6392535576,
        "std":0.0605987661
    },
    "in_system_max":{
        "max":4.8903259953,
        "mean":3.9341018678,
        "median":null,
        "std":0.4063453274
    },
    "service_time_mean":{
        "max":null,
        "mean":14.9891652447,
        "median":14.9799874284,
        "std":0.0571539746
    }
}

{
    "id_total_unique_arrivals":{
        "mean":46995.4,
        "std":215.708232062,
        "max":47384.0,
        "min":46603.0,
        "median":46989.5
    },
    "id_total_patients_returned_to_queue":{
        "mean":73160.2,
        "std":361.3089613022,
        "max":73860.0,
        "min":72473.0,
        "median":73193.0
    },
    "id_total_patients_served":{
        "mean":73130.6333333333,
        "std":349.6866068189,
        "max":73828.0,
        "min":72409.0,
        "median":73176.5
    }
}

{
    "('queue_size_mean', 'mean')":{
        "total":94.6225308642
    },
    "('queue_size_mean', 'std')":{
        "total":4.4876060562
    },
    "('queue_size_mean', 'median')":{
        "total":94.3282407407
    },
    "('queue_size_max', 'mean')":{
        "total":277.2666666667
    },
    "('queue_size_max', 'std')":{
        "total":22.1949564531
    },
    "('queue_size_max', 'max')":{
        "total":318
    }
}

{
    "('utilization_mean', 'mean')":{
        "Single_Queue":0.9842380098
    },
    "('utilization_mean', 'std')":{
        "Single_Queue":0.0064811434
    },
    "('utilization_mean', 'median')":{
        "Single_Queue":0.983513011
    },
    "('utilization_max', 'mean')":{
        "Single_Queue":1.1161165878
    },
    "('utilization_max', 'std')":{
        "Single_Queue":0.0149062121
    },
    "('utilization_max', 'max')":{
        "Single_Queue":1.1567182057
    }
}