{
    "Stage_1\/2":{
        "count_mean":2697.5666666667,
        "count_std":65.6073394408,
        "count_max":2807.0,
        "count_min":2568.0,
        "count_median":2706.0,
        "percentage_of_total_scans_mean":3.7885245844,
        "percentage_of_total_scans_std":0.0937685371,
        "percentage_of_total_scans_max":3.9384093799,
        "percentage_of_total_scans_min":3.5942223715,
        "percentage_of_total_scans_median":3.80153928,
        "percentage_of_positive_biopsies_mean":69.9517539295,
        "percentage_of_positive_biopsies_std":0.8414477478,
        "percentage_of_positive_biopsies_max":71.3704551233,
        "percentage_of_positive_biopsies_min":68.4652583355,
        "percentage_of_positive_biopsies_median":69.9411651994
    },
    "Stage_3\/4":{
        "count_mean":1158.5333333333,
        "count_std":33.5114322576,
        "count_max":1239.0,
        "count_min":1097.0,
        "count_median":1158.0,
        "percentage_of_total_scans_mean":1.6270946962,
        "percentage_of_total_scans_std":0.048592826,
        "percentage_of_total_scans_max":1.7521035141,
        "percentage_of_total_scans_min":1.547598894,
        "percentage_of_total_scans_median":1.6247306166,
        "percentage_of_positive_biopsies_mean":30.0482460705,
        "percentage_of_positive_biopsies_std":0.8414477478,
        "percentage_of_positive_biopsies_max":31.5347416645,
        "percentage_of_positive_biopsies_min":28.6295448767,
        "percentage_of_positive_biopsies_median":30.0588348006
    }
}

{
    "in_queue_mean":{
        "mean":118.0734322442,
        "std":4.1823377129,
        "median":116.8931481084,
        "max":null
    },
    "in_queue_max":{
        "mean":164.551158283,
        "std":4.6423731243,
        "median":null,
        "max":174.8737551369
    },
    "in_system_mean":{
        "mean":118.0838501621,
        "std":4.1823442182,
        "median":116.9035933285,
        "max":null
    },
    "in_system_max":{
        "mean":164.5705070177,
        "std":4.6388251444,
        "median":null,
        "max":174.9038870306
    },
    "service_time_mean":{
        "mean":15.0018017424,
        "std":0.0458457777,
        "median":15.0039765489,
        "max":null
    }
}

{
    "('id', 'total_unique_arrivals')":{
        "mean":51718.4333333333,
        "std":153.4775471242,
        "max":51982.0,
        "min":51240.0,
        "median":51699.5
    },
    "('id', 'total_patients_returned_to_queue')":{
        "mean":71204.9666666667,
        "std":292.5981690061,
        "max":71787.0,
        "min":70715.0,
        "median":71263.5
    }
}

{
    "('queue_size_mean', 'mean')":{
        "total":8894.6607098765
    },
    "('queue_size_mean', 'std')":{
        "total":314.8084211667
    },
    "('queue_size_mean', 'median')":{
        "total":8770.8203703704
    },
    "('queue_size_max', 'mean')":{
        "total":12749.2666666667
    },
    "('queue_size_max', 'std')":{
        "total":385.8102922541
    },
    "('queue_size_max', 'max')":{
        "total":13510
    }
}

{
    "('utilization_mean', 'mean')":{
        "Single_Queue":0.9568194905
    },
    "('utilization_mean', 'std')":{
        "Single_Queue":0.001152875
    },
    "('utilization_mean', 'median')":{
        "Single_Queue":0.9568475619
    },
    "('utilization_max', 'mean')":{
        "Single_Queue":1.1228133337
    },
    "('utilization_max', 'std')":{
        "Single_Queue":0.0122594446
    },
    "('utilization_max', 'max')":{
        "Single_Queue":1.1574831868
    }
}