{
    "Stage_1\/2":{
        "count_mean":2181.9666666667,
        "count_std":54.2392422725,
        "count_max":2297.0,
        "count_min":2075.0,
        "count_median":2167.0,
        "percentage_of_total_scans_mean":3.4247427776,
        "percentage_of_total_scans_std":0.083476784,
        "percentage_of_total_scans_max":3.5685433756,
        "percentage_of_total_scans_min":3.2586334155,
        "percentage_of_total_scans_median":3.4263262239,
        "percentage_of_positive_biopsies_mean":63.0551475604,
        "percentage_of_positive_biopsies_std":0.813191402,
        "percentage_of_positive_biopsies_max":64.8063781321,
        "percentage_of_positive_biopsies_min":61.6275616276,
        "percentage_of_positive_biopsies_median":63.2311031933
    },
    "Stage_3\/4":{
        "count_mean":1278.2333333333,
        "count_std":31.0357783893,
        "count_max":1337.0,
        "count_min":1214.0,
        "count_median":1284.5,
        "percentage_of_total_scans_mean":2.0062589783,
        "percentage_of_total_scans_std":0.0472737234,
        "percentage_of_total_scans_max":2.0853479739,
        "percentage_of_total_scans_min":1.9076952088,
        "percentage_of_total_scans_median":2.0112428499,
        "percentage_of_positive_biopsies_mean":36.9448524396,
        "percentage_of_positive_biopsies_std":0.813191402,
        "percentage_of_positive_biopsies_max":38.3724383724,
        "percentage_of_positive_biopsies_min":35.1936218679,
        "percentage_of_positive_biopsies_median":36.7688968067
    }
}

{
    "in_queue_mean":{
        "max":null,
        "mean":256.1897522212,
        "median":256.3474384443,
        "std":3.9507684788
    },
    "in_queue_max":{
        "max":348.4378762654,
        "mean":339.45572983,
        "median":null,
        "std":5.2862604506
    },
    "in_system_mean":{
        "max":null,
        "mean":256.200162194,
        "median":256.3578192456,
        "std":3.9507853432
    },
    "in_system_max":{
        "max":348.4650474796,
        "mean":339.4759144544,
        "median":null,
        "std":5.2905059707
    },
    "service_time_mean":{
        "max":null,
        "mean":14.990360803,
        "median":14.9951451178,
        "std":0.0592295994
    }
}

{
    "id_total_unique_arrivals":{
        "mean":70429.3,
        "std":218.8673271563,
        "max":70890.0,
        "min":69942.0,
        "median":70446.5
    },
    "id_total_patients_returned_to_queue":{
        "mean":93052.6333333333,
        "std":239.1758094292,
        "max":93658.0,
        "min":92636.0,
        "median":93040.0
    },
    "id_total_patients_served":{
        "mean":63907.7,
        "std":397.7781525181,
        "max":64708.0,
        "min":63139.0,
        "median":63852.5
    }
}

{
    "('queue_size_mean', 'mean')":{
        "total":20739.8101851852
    },
    "('queue_size_mean', 'std')":{
        "total":309.0955002248
    },
    "('queue_size_mean', 'median')":{
        "total":20782.6208333333
    },
    "('queue_size_max', 'mean')":{
        "total":29242.6333333333
    },
    "('queue_size_max', 'std')":{
        "total":385.4941730704
    },
    "('queue_size_max', 'max')":{
        "total":29862
    }
}

{
    "('utilization_mean', 'mean')":{
        "Single_Queue":1.0281620402
    },
    "('utilization_mean', 'std')":{
        "Single_Queue":0.0006953613
    },
    "('utilization_mean', 'median')":{
        "Single_Queue":1.0283952015
    },
    "('utilization_max', 'mean')":{
        "Single_Queue":1.1179406004
    },
    "('utilization_max', 'std')":{
        "Single_Queue":0.0127792279
    },
    "('utilization_max', 'max')":{
        "Single_Queue":1.1460733059
    }
}