{
    "Stage_1\/2":{
        "count_mean":2629.8,
        "count_std":59.9766621279,
        "count_max":2756.0,
        "count_min":2503.0,
        "count_median":2630.0,
        "percentage_of_total_scans_mean":3.7626409663,
        "percentage_of_total_scans_std":0.0807553236,
        "percentage_of_total_scans_max":3.9147171205,
        "percentage_of_total_scans_min":3.5865764888,
        "percentage_of_total_scans_median":3.772643238,
        "percentage_of_positive_biopsies_mean":69.2062120924,
        "percentage_of_positive_biopsies_std":0.8990393006,
        "percentage_of_positive_biopsies_max":70.8301207916,
        "percentage_of_positive_biopsies_min":67.0685959271,
        "percentage_of_positive_biopsies_median":69.1712980677
    },
    "Stage_3\/4":{
        "count_mean":1170.1333333333,
        "count_std":40.3277378089,
        "count_max":1276.0,
        "count_min":1100.0,
        "count_median":1171.0,
        "percentage_of_total_scans_mean":1.6742214873,
        "percentage_of_total_scans_std":0.0570843946,
        "percentage_of_total_scans_max":1.8117279568,
        "percentage_of_total_scans_min":1.5788718243,
        "percentage_of_total_scans_median":1.6781731038,
        "percentage_of_positive_biopsies_mean":30.7937879076,
        "percentage_of_positive_biopsies_std":0.8990393006,
        "percentage_of_positive_biopsies_max":32.9314040729,
        "percentage_of_positive_biopsies_min":29.1698792084,
        "percentage_of_positive_biopsies_median":30.8287019323
    }
}

{
    "in_queue_mean":{
        "max":null,
        "mean":139.8482982667,
        "median":140.1256656077,
        "std":3.9987839174
    },
    "in_queue_max":{
        "max":209.7943315144,
        "mean":192.9813229002,
        "median":null,
        "std":5.9315232321
    },
    "in_system_mean":{
        "max":null,
        "mean":139.858717183,
        "median":140.1360963214,
        "std":3.998804575
    },
    "in_system_max":{
        "max":209.8156525489,
        "mean":193.0030337704,
        "median":null,
        "std":5.9274180954
    },
    "service_time_mean":{
        "max":null,
        "mean":15.003239548,
        "median":15.0076630028,
        "std":0.0540177418
    }
}

{
    "id_total_unique_arrivals":{
        "mean":60000.5333333333,
        "std":267.2743306344,
        "max":60850.0,
        "min":59504.0,
        "median":60011.0
    },
    "id_total_patients_returned_to_queue":{
        "mean":85170.8333333333,
        "std":290.8354296272,
        "max":86026.0,
        "min":84480.0,
        "median":85148.5
    },
    "id_total_patients_served":{
        "mean":70107.4666666667,
        "std":399.8998782741,
        "max":70917.0,
        "min":69377.0,
        "median":70066.0
    }
}

{
    "('queue_size_mean', 'mean')":{
        "total":10653.314845679
    },
    "('queue_size_mean', 'std')":{
        "total":306.5898508512
    },
    "('queue_size_mean', 'median')":{
        "total":10658.3981481481
    },
    "('queue_size_max', 'mean')":{
        "total":15189.2666666667
    },
    "('queue_size_max', 'std')":{
        "total":479.5553208412
    },
    "('queue_size_max', 'max')":{
        "total":16714
    }
}

{
    "('utilization_mean', 'mean')":{
        "Single_Queue":1.0283876592
    },
    "('utilization_mean', 'std')":{
        "Single_Queue":0.0008722112
    },
    "('utilization_mean', 'median')":{
        "Single_Queue":1.028490835
    },
    "('utilization_max', 'mean')":{
        "Single_Queue":1.1155394461
    },
    "('utilization_max', 'std')":{
        "Single_Queue":0.0161152501
    },
    "('utilization_max', 'max')":{
        "Single_Queue":1.1807887827
    }
}