{
    "Stage_1\/2":{
        "count_mean":1316.3,
        "count_std":38.2605856436,
        "count_max":1395.0,
        "count_min":1247.0,
        "count_median":1316.5,
        "percentage_of_total_scans_mean":5.3667202416,
        "percentage_of_total_scans_std":0.1508442064,
        "percentage_of_total_scans_max":5.6718845294,
        "percentage_of_total_scans_min":5.1043798608,
        "percentage_of_total_scans_median":5.3708077352,
        "percentage_of_positive_biopsies_mean":69.8942474744,
        "percentage_of_positive_biopsies_std":1.1160715166,
        "percentage_of_positive_biopsies_max":72.0175920836,
        "percentage_of_positive_biopsies_min":67.0960815888,
        "percentage_of_positive_biopsies_median":69.8204609803
    },
    "Stage_3\/4":{
        "count_mean":567.0,
        "count_std":25.6071110813,
        "count_max":625.0,
        "count_min":509.0,
        "count_median":570.5,
        "percentage_of_total_scans_mean":2.3116404119,
        "percentage_of_total_scans_std":0.1012167445,
        "percentage_of_total_scans_max":2.5467584858,
        "percentage_of_total_scans_min":2.0974986607,
        "percentage_of_total_scans_median":2.3243062978,
        "percentage_of_positive_biopsies_mean":30.1057525256,
        "percentage_of_positive_biopsies_std":1.1160715166,
        "percentage_of_positive_biopsies_max":32.9039184112,
        "percentage_of_positive_biopsies_min":27.9824079164,
        "percentage_of_positive_biopsies_median":30.1795390197
    }
}

{
    "in_queue_mean":{
        "mean":1.9212694395,
        "std":0.2504960987,
        "median":1.8781145381,
        "max":null
    },
    "in_queue_max":{
        "mean":6.221174111,
        "std":1.4588696224,
        "median":null,
        "max":8.8938722301
    },
    "in_system_mean":{
        "mean":1.9316723693,
        "std":0.2505284021,
        "median":1.8885285848,
        "max":null
    },
    "in_system_max":{
        "mean":6.2319482794,
        "std":1.460495723,
        "median":null,
        "max":8.9151340775
    },
    "service_time_mean":{
        "mean":14.9802188781,
        "std":0.0870885926,
        "median":14.9923304489,
        "max":null
    }
}

{
    "('id', 'total_unique_arrivals')":{
        "mean":13892.5666666667,
        "std":71.2052319529,
        "max":14035.0,
        "min":13747.0,
        "median":13891.5
    },
    "('id', 'total_patients_returned_to_queue')":{
        "mean":24526.8,
        "std":134.2723429041,
        "max":24784.0,
        "min":24228.0,
        "median":24538.0
    }
}

{
    "('queue_size_mean', 'mean')":{
        "total":39.6844135802
    },
    "('queue_size_mean', 'std')":{
        "total":5.788562752
    },
    "('queue_size_mean', 'median')":{
        "total":38.7467592593
    },
    "('queue_size_max', 'mean')":{
        "total":138.2333333333
    },
    "('queue_size_max', 'std')":{
        "total":27.2999726327
    },
    "('queue_size_max', 'max')":{
        "total":204
    }
}

{
    "('utilization_mean', 'mean')":{
        "Single_Queue":0.8346427091
    },
    "('utilization_mean', 'std')":{
        "Single_Queue":0.0048077114
    },
    "('utilization_mean', 'median')":{
        "Single_Queue":0.8345215468
    },
    "('utilization_max', 'mean')":{
        "Single_Queue":1.2335700803
    },
    "('utilization_max', 'std')":{
        "Single_Queue":0.0399516761
    },
    "('utilization_max', 'max')":{
        "Single_Queue":1.3681786554
    }
}