{
    "Stage_1\/2":{
        "count_mean":2738.2,
        "count_std":54.1844869007,
        "count_max":2906.0,
        "count_min":2669.0,
        "count_median":2732.0,
        "percentage_of_total_scans_mean":3.8031360528,
        "percentage_of_total_scans_std":0.0711253103,
        "percentage_of_total_scans_max":4.0213661021,
        "percentage_of_total_scans_min":3.6879471809,
        "percentage_of_total_scans_median":3.8107947889,
        "percentage_of_positive_biopsies_mean":69.9753440066,
        "percentage_of_positive_biopsies_std":0.8071456417,
        "percentage_of_positive_biopsies_max":71.4180388302,
        "percentage_of_positive_biopsies_min":68.014059754,
        "percentage_of_positive_biopsies_median":70.0039380444
    },
    "Stage_3\/4":{
        "count_mean":1175.0333333333,
        "count_std":41.1678509765,
        "count_max":1274.0,
        "count_min":1102.0,
        "count_median":1165.5,
        "percentage_of_total_scans_mean":1.6320439235,
        "percentage_of_total_scans_std":0.0568631924,
        "percentage_of_total_scans_max":1.7797770389,
        "percentage_of_total_scans_min":1.5370881803,
        "percentage_of_total_scans_median":1.6218438696,
        "percentage_of_positive_biopsies_mean":30.0246559934,
        "percentage_of_positive_biopsies_std":0.8071456417,
        "percentage_of_positive_biopsies_max":31.985940246,
        "percentage_of_positive_biopsies_min":28.5819611698,
        "percentage_of_positive_biopsies_median":29.9960619556
    }
}

{
    "in_queue_mean":{
        "max":null,
        "mean":96.4733478102,
        "median":96.8846807716,
        "std":4.7715591716
    },
    "in_queue_max":{
        "max":146.4146505827,
        "mean":136.9187656273,
        "median":null,
        "std":5.5564817701
    },
    "in_system_mean":{
        "max":null,
        "mean":96.4837732636,
        "median":96.8950988921,
        "std":4.7715633262
    },
    "in_system_max":{
        "max":146.4215352384,
        "mean":136.9337266217,
        "median":null,
        "std":5.554315317
    },
    "service_time_mean":{
        "max":null,
        "mean":15.0126527722,
        "median":15.0162237816,
        "std":0.047102496
    }
}

{
    "id_total_unique_arrivals":{
        "mean":56459.5333333333,
        "std":334.7410459088,
        "max":56986.0,
        "min":55735.0,
        "median":56524.5
    },
    "id_total_patients_returned_to_queue":{
        "mean":82462.0666666667,
        "std":243.675721957,
        "max":82903.0,
        "min":81951.0,
        "median":82480.5
    },
    "id_total_patients_served":{
        "mean":72218.1333333333,
        "std":296.2699995674,
        "max":72895.0,
        "min":71766.0,
        "median":72172.0
    }
}

{
    "('queue_size_mean', 'mean')":{
        "total":7184.5282716049
    },
    "('queue_size_mean', 'std')":{
        "total":358.8604846024
    },
    "('queue_size_mean', 'median')":{
        "total":7207.8365740741
    },
    "('queue_size_max', 'mean')":{
        "total":10379.9
    },
    "('queue_size_max', 'std')":{
        "total":429.3687708478
    },
    "('queue_size_max', 'max')":{
        "total":10953
    }
}

{
    "('utilization_mean', 'mean')":{
        "Single_Queue":1.0280879209
    },
    "('utilization_mean', 'std')":{
        "Single_Queue":0.000636312
    },
    "('utilization_mean', 'median')":{
        "Single_Queue":1.028070161
    },
    "('utilization_max', 'mean')":{
        "Single_Queue":1.1208868269
    },
    "('utilization_max', 'std')":{
        "Single_Queue":0.0136033657
    },
    "('utilization_max', 'max')":{
        "Single_Queue":1.1489171661
    }
}