{
    "Stage_1\/2":{
        "count_mean":2445.6333333333,
        "count_std":55.0419797993,
        "count_max":2538.0,
        "count_min":2330.0,
        "count_median":2440.0,
        "percentage_of_total_scans_mean":3.6034208721,
        "percentage_of_total_scans_std":0.0807498191,
        "percentage_of_total_scans_max":3.7407587764,
        "percentage_of_total_scans_min":3.4127193368,
        "percentage_of_total_scans_median":3.5961636322,
        "percentage_of_positive_biopsies_mean":66.2738580914,
        "percentage_of_positive_biopsies_std":0.7776844788,
        "percentage_of_positive_biopsies_max":67.8455723542,
        "percentage_of_positive_biopsies_min":64.880304679,
        "percentage_of_positive_biopsies_median":66.2593237823
    },
    "Stage_3\/4":{
        "count_mean":1244.4666666667,
        "count_std":33.9276444433,
        "count_max":1293.0,
        "count_min":1165.0,
        "count_median":1246.5,
        "percentage_of_total_scans_mean":1.8336647631,
        "percentage_of_total_scans_std":0.0520063636,
        "percentage_of_total_scans_max":1.9217028878,
        "percentage_of_total_scans_min":1.7230159434,
        "percentage_of_total_scans_median":1.8389176106,
        "percentage_of_positive_biopsies_mean":33.7261419086,
        "percentage_of_positive_biopsies_std":0.7776844788,
        "percentage_of_positive_biopsies_max":35.119695321,
        "percentage_of_positive_biopsies_min":32.1544276458,
        "percentage_of_positive_biopsies_median":33.7406762177
    }
}

{
    "in_queue_mean":{
        "max":null,
        "mean":180.4643875993,
        "median":180.2806148555,
        "std":3.7065799546
    },
    "in_queue_max":{
        "max":255.9987136788,
        "mean":244.9421465072,
        "median":null,
        "std":4.5483030919
    },
    "in_system_mean":{
        "max":null,
        "mean":180.4748067739,
        "median":180.2910444391,
        "std":3.7065992911
    },
    "in_system_max":{
        "max":256.015804615,
        "mean":244.9576640896,
        "median":null,
        "std":4.5467769043
    },
    "service_time_mean":{
        "max":null,
        "mean":15.0036114197,
        "median":14.9985928704,
        "std":0.0601947766
    }
}

{
    "id_total_unique_arrivals":{
        "mean":63448.9666666667,
        "std":201.9838647249,
        "max":63902.0,
        "min":63042.0,
        "median":63419.5
    },
    "id_total_patients_returned_to_queue":{
        "mean":87789.5333333333,
        "std":196.7045278187,
        "max":88176.0,
        "min":87333.0,
        "median":87801.5
    },
    "id_total_patients_served":{
        "mean":68075.9666666667,
        "std":381.2788357288,
        "max":68624.0,
        "min":66940.0,
        "median":68099.0
    }
}

{
    "('queue_size_mean', 'mean')":{
        "total":14029.5680864198
    },
    "('queue_size_mean', 'std')":{
        "total":262.6584356582
    },
    "('queue_size_mean', 'median')":{
        "total":14013.9907407407
    },
    "('queue_size_max', 'mean')":{
        "total":19823.6333333333
    },
    "('queue_size_max', 'std')":{
        "total":362.2374419739
    },
    "('queue_size_max', 'max')":{
        "total":20694
    }
}

{
    "('utilization_mean', 'mean')":{
        "Single_Queue":1.0282454496
    },
    "('utilization_mean', 'std')":{
        "Single_Queue":0.0007942513
    },
    "('utilization_mean', 'median')":{
        "Single_Queue":1.0282481818
    },
    "('utilization_max', 'mean')":{
        "Single_Queue":1.1183648757
    },
    "('utilization_max', 'std')":{
        "Single_Queue":0.0137910995
    },
    "('utilization_max', 'max')":{
        "Single_Queue":1.1530650964
    }
}