{
    "Stage_1\/2":{
        "count_mean":2870.0333333333,
        "count_std":62.6140247225,
        "count_max":2964.0,
        "count_min":2756.0,
        "count_median":2884.0,
        "percentage_of_total_scans_mean":3.7891520617,
        "percentage_of_total_scans_std":0.0784060168,
        "percentage_of_total_scans_max":3.9194858994,
        "percentage_of_total_scans_min":3.6602696062,
        "percentage_of_total_scans_median":3.8000623565,
        "percentage_of_positive_biopsies_mean":69.9265263616,
        "percentage_of_positive_biopsies_std":0.838537198,
        "percentage_of_positive_biopsies_max":72.2930732683,
        "percentage_of_positive_biopsies_min":68.647439085,
        "percentage_of_positive_biopsies_median":69.8563910195
    },
    "Stage_3\/4":{
        "count_mean":1234.3333333333,
        "count_std":41.1970314744,
        "count_max":1287.0,
        "count_min":1108.0,
        "count_median":1241.5,
        "percentage_of_total_scans_mean":1.6297098081,
        "percentage_of_total_scans_std":0.0557779609,
        "percentage_of_total_scans_max":1.7070550316,
        "percentage_of_total_scans_min":1.4601618302,
        "percentage_of_total_scans_median":1.641091013,
        "percentage_of_positive_biopsies_mean":30.0734736384,
        "percentage_of_positive_biopsies_std":0.838537198,
        "percentage_of_positive_biopsies_max":31.352560915,
        "percentage_of_positive_biopsies_min":27.7069267317,
        "percentage_of_positive_biopsies_median":30.1436089805
    }
}

{
    "in_queue_mean":{
        "max":null,
        "mean":11.9314096012,
        "median":11.2348655903,
        "std":3.7695532758
    },
    "in_queue_max":{
        "max":29.8455617264,
        "mean":19.0166236638,
        "median":null,
        "std":4.8927719182
    },
    "in_system_mean":{
        "max":null,
        "mean":11.9418190191,
        "median":11.2452870798,
        "std":3.7695608884
    },
    "in_system_max":{
        "max":29.876323896,
        "mean":19.0341287169,
        "median":null,
        "std":4.892301298
    },
    "service_time_mean":{
        "max":null,
        "mean":14.9895617891,
        "median":14.9913368337,
        "std":0.0443841002
    }
}

{
    "id_total_unique_arrivals":{
        "mean":49843.6666666667,
        "std":250.1419367194,
        "max":50284.0,
        "min":49445.0,
        "median":49840.5
    },
    "id_total_patients_returned_to_queue":{
        "mean":77081.5,
        "std":299.1894509942,
        "max":77624.0,
        "min":76494.0,
        "median":77033.5
    },
    "id_total_patients_served":{
        "mean":75972.5666666667,
        "std":338.3746835045,
        "max":76597.0,
        "min":75116.0,
        "median":75976.5
    }
}

{
    "('queue_size_mean', 'mean')":{
        "total":832.4339197531
    },
    "('queue_size_mean', 'std')":{
        "total":268.2020190525
    },
    "('queue_size_mean', 'median')":{
        "total":785.8435185185
    },
    "('queue_size_max', 'mean')":{
        "total":1338.2333333333
    },
    "('queue_size_max', 'std')":{
        "total":344.3177845851
    },
    "('queue_size_max', 'max')":{
        "total":2077
    }
}

{
    "('utilization_mean', 'mean')":{
        "Single_Queue":1.0279293921
    },
    "('utilization_mean', 'std')":{
        "Single_Queue":0.0006968362
    },
    "('utilization_mean', 'median')":{
        "Single_Queue":1.0279761115
    },
    "('utilization_max', 'mean')":{
        "Single_Queue":1.1154466172
    },
    "('utilization_max', 'std')":{
        "Single_Queue":0.0154016182
    },
    "('utilization_max', 'max')":{
        "Single_Queue":1.1613015914
    }
}