{
    "Stage_1\/2":{
        "count_mean":2835.9,
        "count_std":49.252586139,
        "count_max":2958.0,
        "count_min":2775.0,
        "count_median":2833.0,
        "percentage_of_total_scans_mean":3.7696963405,
        "percentage_of_total_scans_std":0.0676365796,
        "percentage_of_total_scans_max":3.9353422471,
        "percentage_of_total_scans_min":3.6658186468,
        "percentage_of_total_scans_median":3.7514021658,
        "percentage_of_positive_biopsies_mean":70.0884749253,
        "percentage_of_positive_biopsies_std":0.6167495789,
        "percentage_of_positive_biopsies_max":71.7644147488,
        "percentage_of_positive_biopsies_min":68.9856482608,
        "percentage_of_positive_biopsies_median":70.1451746383
    },
    "Stage_3\/4":{
        "count_mean":1210.3,
        "count_std":31.9742892402,
        "count_max":1275.0,
        "count_min":1141.0,
        "count_median":1208.0,
        "percentage_of_total_scans_mean":1.6087891854,
        "percentage_of_total_scans_std":0.0416983708,
        "percentage_of_total_scans_max":1.6825463855,
        "percentage_of_total_scans_min":1.5111782157,
        "percentage_of_total_scans_median":1.6056294672,
        "percentage_of_positive_biopsies_mean":29.9115250747,
        "percentage_of_positive_biopsies_std":0.6167495789,
        "percentage_of_positive_biopsies_max":31.0143517392,
        "percentage_of_positive_biopsies_min":28.2355852512,
        "percentage_of_positive_biopsies_median":29.8548253617
    }
}

{
    "in_queue_mean":{
        "mean":2.3284261119,
        "std":0.4645780501,
        "median":2.2340074881,
        "max":null
    },
    "in_queue_max":{
        "mean":6.3553087651,
        "std":1.3586009143,
        "median":null,
        "max":8.6928749125
    },
    "in_system_mean":{
        "mean":2.3388462352,
        "std":0.4645995924,
        "median":2.2444156609,
        "max":null
    },
    "in_system_max":{
        "mean":6.3754593521,
        "std":1.3558471677,
        "median":null,
        "max":8.6974662867
    },
    "service_time_mean":{
        "mean":15.004977498,
        "std":0.05952732,
        "median":15.0179404474,
        "max":null
    }
}

{
    "('id', 'total_unique_arrivals')":{
        "mean":48347.7333333333,
        "std":207.7926574876,
        "max":48656.0,
        "min":48002.0,
        "median":48362.0
    },
    "('id', 'total_patients_returned_to_queue')":{
        "mean":75230.5,
        "std":377.8291668338,
        "max":75863.0,
        "min":74445.0,
        "median":75230.0
    }
}

{
    "('queue_size_mean', 'mean')":{
        "total":146.0396296296
    },
    "('queue_size_mean', 'std')":{
        "total":32.9939335189
    },
    "('queue_size_mean', 'median')":{
        "total":139.9444444444
    },
    "('queue_size_max', 'mean')":{
        "total":418.9666666667
    },
    "('queue_size_max', 'std')":{
        "total":87.0685355628
    },
    "('queue_size_max', 'max')":{
        "total":590
    }
}

{
    "('utilization_mean', 'mean')":{
        "Single_Queue":0.9220768889
    },
    "('utilization_mean', 'std')":{
        "Single_Queue":0.0046465542
    },
    "('utilization_mean', 'median')":{
        "Single_Queue":0.9221833025
    },
    "('utilization_max', 'mean')":{
        "Single_Queue":1.1231662326
    },
    "('utilization_max', 'std')":{
        "Single_Queue":0.0171147762
    },
    "('utilization_max', 'max')":{
        "Single_Queue":1.1876931729
    }
}