{
    "Stage_1\/2":{
        "count_mean":3984.9,
        "count_std":55.8028240541,
        "count_max":4138.0,
        "count_min":3889.0,
        "count_median":3974.5,
        "percentage_of_total_scans_mean":5.4302433972,
        "percentage_of_total_scans_std":0.0735359698,
        "percentage_of_total_scans_max":5.6158731882,
        "percentage_of_total_scans_min":5.2797938004,
        "percentage_of_total_scans_median":5.4272582358,
        "percentage_of_positive_biopsies_mean":70.1076259519,
        "percentage_of_positive_biopsies_std":0.6145777214,
        "percentage_of_positive_biopsies_max":71.6352090316,
        "percentage_of_positive_biopsies_min":69.027318601,
        "percentage_of_positive_biopsies_median":70.0519835441
    },
    "Stage_3\/4":{
        "count_mean":1699.2,
        "count_std":44.854092959,
        "count_max":1817.0,
        "count_min":1608.0,
        "count_median":1708.0,
        "percentage_of_total_scans_mean":2.315471302,
        "percentage_of_total_scans_std":0.0590530459,
        "percentage_of_total_scans_max":2.4654337237,
        "percentage_of_total_scans_min":2.1907356948,
        "percentage_of_total_scans_median":2.3175665182,
        "percentage_of_positive_biopsies_mean":29.8923740481,
        "percentage_of_positive_biopsies_std":0.6145777214,
        "percentage_of_positive_biopsies_max":30.972681399,
        "percentage_of_positive_biopsies_min":28.3647909684,
        "percentage_of_positive_biopsies_median":29.9480164559
    }
}

{
    "in_queue_mean":{
        "mean":78.5140083752,
        "std":3.3454225285,
        "median":78.8109672587,
        "max":null
    },
    "in_queue_max":{
        "mean":113.9548888151,
        "std":4.1063594154,
        "median":null,
        "max":121.7980402663
    },
    "in_system_mean":{
        "mean":78.5244322623,
        "std":3.3454259665,
        "median":78.8214017599,
        "max":null
    },
    "in_system_max":{
        "mean":113.9811597202,
        "std":4.1107937363,
        "median":null,
        "max":121.8312945599
    },
    "service_time_mean":{
        "mean":15.0103974729,
        "std":0.0416039156,
        "median":15.0111953091,
        "max":null
    }
}

{
    "('id', 'total_unique_arrivals')":{
        "mean":46660.3333333333,
        "std":171.6978768638,
        "max":47181.0,
        "min":46353.0,
        "median":46624.5
    },
    "('id', 'total_patients_returned_to_queue')":{
        "mean":73383.5333333333,
        "std":275.99072115,
        "max":73923.0,
        "min":72780.0,
        "median":73350.0
    }
}

{
    "('queue_size_mean', 'mean')":{
        "total":5819.1430246914
    },
    "('queue_size_mean', 'std')":{
        "total":243.4436161684
    },
    "('queue_size_mean', 'median')":{
        "total":5845.0328703704
    },
    "('queue_size_max', 'mean')":{
        "total":8663.8333333333
    },
    "('queue_size_max', 'std')":{
        "total":322.4945958738
    },
    "('queue_size_max', 'max')":{
        "total":9199
    }
}

{
    "('utilization_mean', 'mean')":{
        "Single_Queue":0.9010597237
    },
    "('utilization_mean', 'std')":{
        "Single_Queue":0.0015337408
    },
    "('utilization_mean', 'median')":{
        "Single_Queue":0.9013041413
    },
    "('utilization_max', 'mean')":{
        "Single_Queue":1.1270618949
    },
    "('utilization_max', 'std')":{
        "Single_Queue":0.0177460072
    },
    "('utilization_max', 'max')":{
        "Single_Queue":1.1806999476
    }
}