{
    "Stage_1\/2":{
        "count_mean":2516.9333333333,
        "count_std":51.9090274079,
        "count_max":2669.0,
        "count_min":2398.0,
        "count_median":2518.5,
        "percentage_of_total_scans_mean":3.799910046,
        "percentage_of_total_scans_std":0.0794456351,
        "percentage_of_total_scans_max":4.0342205898,
        "percentage_of_total_scans_min":3.6043348214,
        "percentage_of_total_scans_median":3.8054077829,
        "percentage_of_positive_biopsies_mean":70.0421604615,
        "percentage_of_positive_biopsies_std":0.7929867051,
        "percentage_of_positive_biopsies_max":71.7984801576,
        "percentage_of_positive_biopsies_min":68.2996297351,
        "percentage_of_positive_biopsies_median":70.0103129132
    },
    "Stage_3\/4":{
        "count_mean":1076.6666666667,
        "count_std":38.435196992,
        "count_max":1138.0,
        "count_min":1002.0,
        "count_median":1076.5,
        "percentage_of_total_scans_mean":1.6254391162,
        "percentage_of_total_scans_std":0.0570355735,
        "percentage_of_total_scans_max":1.7226502778,
        "percentage_of_total_scans_min":1.5105375825,
        "percentage_of_total_scans_median":1.6190277049,
        "percentage_of_positive_biopsies_mean":29.9578395385,
        "percentage_of_positive_biopsies_std":0.7929867051,
        "percentage_of_positive_biopsies_max":31.7003702649,
        "percentage_of_positive_biopsies_min":28.2015198424,
        "percentage_of_positive_biopsies_median":29.9896870868
    }
}

{
    "in_queue_mean":{
        "max":null,
        "mean":1.255658978,
        "median":1.2531467198,
        "std":0.0179882739
    },
    "in_queue_max":{
        "max":3.4424862312,
        "mean":2.9005416715,
        "median":null,
        "std":0.1095467159
    },
    "in_system_mean":{
        "max":null,
        "mean":1.266075938,
        "median":1.2635332795,
        "std":0.0179995606
    },
    "in_system_max":{
        "max":3.4752189155,
        "mean":2.9176404412,
        "median":null,
        "std":0.1118122908
    },
    "service_time_mean":{
        "max":null,
        "mean":15.0004224459,
        "median":15.0164596691,
        "std":0.0484354689
    }
}

{
    "id_total_unique_arrivals":{
        "mean":42683.1333333333,
        "std":197.8356568631,
        "max":43066.0,
        "min":42268.0,
        "median":42713.5
    },
    "id_total_patients_returned_to_queue":{
        "mean":66441.1,
        "std":329.6451958886,
        "max":67136.0,
        "min":65680.0,
        "median":66462.0
    },
    "id_total_patients_served":{
        "mean":66437.5,
        "std":328.8338591091,
        "max":67136.0,
        "min":65680.0,
        "median":66456.0
    }
}

{
    "('queue_size_mean', 'mean')":{
        "total":62.552808642
    },
    "('queue_size_mean', 'std')":{
        "total":1.2978755998
    },
    "('queue_size_mean', 'median')":{
        "total":62.3439814815
    },
    "('queue_size_max', 'mean')":{
        "total":202.9
    },
    "('queue_size_max', 'std')":{
        "total":9.6431143918
    },
    "('queue_size_max', 'max')":{
        "total":234
    }
}

{
    "('utilization_mean', 'mean')":{
        "Single_Queue":0.894494614
    },
    "('utilization_mean', 'std')":{
        "Single_Queue":0.0057143204
    },
    "('utilization_mean', 'median')":{
        "Single_Queue":0.8942373872
    },
    "('utilization_max', 'mean')":{
        "Single_Queue":1.1096916682
    },
    "('utilization_max', 'std')":{
        "Single_Queue":0.0134348011
    },
    "('utilization_max', 'max')":{
        "Single_Queue":1.1410996086
    }
}