{
    "Stage_1\/2":{
        "count_mean":2851.3,
        "count_std":39.8680150081,
        "count_max":2956.0,
        "count_min":2773.0,
        "count_median":2847.5,
        "percentage_of_total_scans_mean":3.8065731904,
        "percentage_of_total_scans_std":0.0526075829,
        "percentage_of_total_scans_max":3.9541976564,
        "percentage_of_total_scans_min":3.7087967104,
        "percentage_of_total_scans_median":3.795338932,
        "percentage_of_positive_biopsies_mean":69.9897891486,
        "percentage_of_positive_biopsies_std":0.6859891237,
        "percentage_of_positive_biopsies_max":71.4715467536,
        "percentage_of_positive_biopsies_min":68.8817257625,
        "percentage_of_positive_biopsies_median":69.929230404
    },
    "Stage_3\/4":{
        "count_mean":1222.7,
        "count_std":34.9355564354,
        "count_max":1275.0,
        "count_min":1138.0,
        "count_median":1232.5,
        "percentage_of_total_scans_mean":1.6323356038,
        "percentage_of_total_scans_std":0.0463099014,
        "percentage_of_total_scans_max":1.7058453634,
        "percentage_of_total_scans_min":1.5208820581,
        "percentage_of_total_scans_median":1.6392296183,
        "percentage_of_positive_biopsies_mean":30.0102108514,
        "percentage_of_positive_biopsies_std":0.6859891237,
        "percentage_of_positive_biopsies_max":31.1182742375,
        "percentage_of_positive_biopsies_min":28.5284532464,
        "percentage_of_positive_biopsies_median":30.070769596
    }
}

{
    "in_queue_mean":{
        "max":null,
        "mean":32.3370335045,
        "median":32.2483899334,
        "std":3.3264632764
    },
    "in_queue_max":{
        "max":58.4805464669,
        "mean":48.2204233936,
        "median":null,
        "std":4.5965995152
    },
    "in_system_mean":{
        "max":null,
        "mean":32.3474527301,
        "median":32.2588377664,
        "std":3.3264663052
    },
    "in_system_max":{
        "max":58.5002767785,
        "mean":48.2435932644,
        "median":null,
        "std":4.5983250354
    },
    "service_time_mean":{
        "max":null,
        "mean":15.0036848977,
        "median":15.0056156876,
        "std":0.0467457332
    }
}

{
    "id_total_unique_arrivals":{
        "mean":51469.6,
        "std":228.2688372708,
        "max":51874.0,
        "min":51110.0,
        "median":51435.0
    },
    "id_total_patients_returned_to_queue":{
        "mean":78467.6,
        "std":235.6869051122,
        "max":78852.0,
        "min":78014.0,
        "median":78521.0
    },
    "id_total_patients_served":{
        "mean":75134.2333333333,
        "std":275.7365913623,
        "max":75805.0,
        "min":74552.0,
        "median":75068.0
    }
}

{
    "('queue_size_mean', 'mean')":{
        "total":2314.2625
    },
    "('queue_size_mean', 'std')":{
        "total":240.8837911318
    },
    "('queue_size_mean', 'median')":{
        "total":2309.3782407407
    },
    "('queue_size_max', 'mean')":{
        "total":3490.1
    },
    "('queue_size_max', 'std')":{
        "total":336.5249747354
    },
    "('queue_size_max', 'max')":{
        "total":4118
    }
}

{
    "('utilization_mean', 'mean')":{
        "Single_Queue":1.0281176082
    },
    "('utilization_mean', 'std')":{
        "Single_Queue":0.0006888343
    },
    "('utilization_mean', 'median')":{
        "Single_Queue":1.0280377399
    },
    "('utilization_max', 'mean')":{
        "Single_Queue":1.1202047537
    },
    "('utilization_max', 'std')":{
        "Single_Queue":0.0140654768
    },
    "('utilization_max', 'max')":{
        "Single_Queue":1.1609559542
    }
}