{
    "Stage_1\/2":{
        "count_mean":2141.1,
        "count_std":37.7005899524,
        "count_max":2215.0,
        "count_min":2042.0,
        "count_median":2149.0,
        "percentage_of_total_scans_mean":3.4152626027,
        "percentage_of_total_scans_std":0.0602019415,
        "percentage_of_total_scans_max":3.5176039003,
        "percentage_of_total_scans_min":3.2531982348,
        "percentage_of_total_scans_median":3.4334688873,
        "percentage_of_positive_biopsies_mean":62.7889992975,
        "percentage_of_positive_biopsies_std":0.8650583259,
        "percentage_of_positive_biopsies_max":64.744351962,
        "percentage_of_positive_biopsies_min":60.6780643292,
        "percentage_of_positive_biopsies_median":62.8233689248
    },
    "Stage_3\/4":{
        "count_mean":1269.0333333333,
        "count_std":37.9032191639,
        "count_max":1357.0,
        "count_min":1186.0,
        "count_median":1268.5,
        "percentage_of_total_scans_mean":2.0241819731,
        "percentage_of_total_scans_std":0.0587623271,
        "percentage_of_total_scans_max":2.1734603988,
        "percentage_of_total_scans_min":1.8996364102,
        "percentage_of_total_scans_median":2.0259516288,
        "percentage_of_positive_biopsies_mean":37.2110007025,
        "percentage_of_positive_biopsies_std":0.8650583259,
        "percentage_of_positive_biopsies_max":39.3219356708,
        "percentage_of_positive_biopsies_min":35.255648038,
        "percentage_of_positive_biopsies_median":37.1766310752
    }
}

{
    "in_queue_mean":{
        "max":null,
        "mean":273.2396553271,
        "median":273.6084348003,
        "std":5.2903882833
    },
    "in_queue_max":{
        "max":371.3864251501,
        "mean":360.647068264,
        "median":null,
        "std":6.1928083982
    },
    "in_system_mean":{
        "max":null,
        "mean":273.2500759607,
        "median":273.6188422729,
        "std":5.2904000953
    },
    "in_system_max":{
        "max":371.4025473961,
        "mean":360.6660330498,
        "median":null,
        "std":6.189828857
    },
    "service_time_mean":{
        "max":null,
        "mean":15.005712397,
        "median":15.004182842,
        "std":0.0611928428
    }
}

{
    "id_total_unique_arrivals":{
        "mean":72034.8333333333,
        "std":322.7211974203,
        "max":72527.0,
        "min":71095.0,
        "median":72083.5
    },
    "id_total_patients_returned_to_queue":{
        "mean":94232.2333333333,
        "std":292.2399443222,
        "max":94929.0,
        "min":93735.0,
        "median":94219.0
    },
    "id_total_patients_served":{
        "mean":62886.1333333333,
        "std":448.9878067105,
        "max":64090.0,
        "min":61849.0,
        "median":62903.0
    }
}

{
    "('queue_size_mean', 'mean')":{
        "total":22303.9650925926
    },
    "('queue_size_mean', 'std')":{
        "total":422.0870464092
    },
    "('queue_size_mean', 'median')":{
        "total":22331.2175925926
    },
    "('queue_size_max', 'mean')":{
        "total":31448.2
    },
    "('queue_size_max', 'std')":{
        "total":513.1695559008
    },
    "('queue_size_max', 'max')":{
        "total":32376
    }
}

{
    "('utilization_mean', 'mean')":{
        "Single_Queue":1.0279272992
    },
    "('utilization_mean', 'std')":{
        "Single_Queue":0.0006578023
    },
    "('utilization_mean', 'median')":{
        "Single_Queue":1.0278822678
    },
    "('utilization_max', 'mean')":{
        "Single_Queue":1.1160713652
    },
    "('utilization_max', 'std')":{
        "Single_Queue":0.016711359
    },
    "('utilization_max', 'max')":{
        "Single_Queue":1.171693093
    }
}