{
    "Stage_1\/2":{
        "count_mean":3988.2333333333,
        "count_std":61.4529162818,
        "count_max":4110.0,
        "count_min":3862.0,
        "count_median":3982.0,
        "percentage_of_total_scans_mean":5.4218476131,
        "percentage_of_total_scans_std":0.0832468535,
        "percentage_of_total_scans_max":5.5865538845,
        "percentage_of_total_scans_min":5.258499789,
        "percentage_of_total_scans_median":5.4176204196,
        "percentage_of_positive_biopsies_mean":69.9447444723,
        "percentage_of_positive_biopsies_std":0.6177120173,
        "percentage_of_positive_biopsies_max":71.1039541957,
        "percentage_of_positive_biopsies_min":68.9745836985,
        "percentage_of_positive_biopsies_median":69.9412665695
    },
    "Stage_3\/4":{
        "count_mean":1713.8,
        "count_std":43.6936040455,
        "count_max":1784.0,
        "count_min":1615.0,
        "count_median":1705.5,
        "percentage_of_total_scans_mean":2.3297361401,
        "percentage_of_total_scans_std":0.0548188722,
        "percentage_of_total_scans_max":2.4265175936,
        "percentage_of_total_scans_min":2.221030338,
        "percentage_of_total_scans_median":2.3263950697,
        "percentage_of_positive_biopsies_mean":30.0552555277,
        "percentage_of_positive_biopsies_std":0.6177120173,
        "percentage_of_positive_biopsies_max":31.0254163015,
        "percentage_of_positive_biopsies_min":28.8960458043,
        "percentage_of_positive_biopsies_median":30.0587334305
    }
}

{
    "in_queue_mean":{
        "mean":1.4946910824,
        "std":0.0818802046,
        "median":1.4805445565,
        "max":null
    },
    "in_queue_max":{
        "mean":3.9797708206,
        "std":0.5520952855,
        "median":null,
        "max":6.3333333333
    },
    "in_system_mean":{
        "mean":1.5051103987,
        "std":0.0818916996,
        "median":1.4909605641,
        "max":null
    },
    "in_system_max":{
        "mean":3.9991842009,
        "std":0.5476685153,
        "median":null,
        "max":6.337552962
    },
    "service_time_mean":{
        "mean":15.0038154388,
        "std":0.0511627773,
        "median":15.0063036034,
        "max":null
    }
}

{
    "('id', 'total_unique_arrivals')":{
        "mean":41689.1333333333,
        "std":189.2421789635,
        "max":42111.0,
        "min":41264.0,
        "median":41701.5
    },
    "('id', 'total_patients_returned_to_queue')":{
        "mean":73559.3333333333,
        "std":356.7622924768,
        "max":74367.0,
        "min":72714.0,
        "median":73555.0
    }
}

{
    "('queue_size_mean', 'mean')":{
        "total":89.8526851852
    },
    "('queue_size_mean', 'std')":{
        "total":5.9030559264
    },
    "('queue_size_mean', 'median')":{
        "total":88.3458333333
    },
    "('queue_size_max', 'mean')":{
        "total":284.4
    },
    "('queue_size_max', 'std')":{
        "total":36.1678081286
    },
    "('queue_size_max', 'max')":{
        "total":374
    }
}

{
    "('utilization_mean', 'mean')":{
        "Single_Queue":0.8350553764
    },
    "('utilization_mean', 'std')":{
        "Single_Queue":0.004227491
    },
    "('utilization_mean', 'median')":{
        "Single_Queue":0.8353017445
    },
    "('utilization_max', 'mean')":{
        "Single_Queue":1.1216681664
    },
    "('utilization_max', 'std')":{
        "Single_Queue":0.0164814167
    },
    "('utilization_max', 'max')":{
        "Single_Queue":1.1879773219
    }
}