{
    "Stage_1\/2":{
        "count_mean":1368.3666666667,
        "count_std":32.0371372148,
        "count_max":1447.0,
        "count_min":1312.0,
        "count_median":1365.0,
        "percentage_of_total_scans_mean":5.4079240738,
        "percentage_of_total_scans_std":0.1197498692,
        "percentage_of_total_scans_max":5.671264277,
        "percentage_of_total_scans_min":5.2071757422,
        "percentage_of_total_scans_median":5.399357663,
        "percentage_of_positive_biopsies_mean":69.8584888901,
        "percentage_of_positive_biopsies_std":0.9402424847,
        "percentage_of_positive_biopsies_max":71.9184890656,
        "percentage_of_positive_biopsies_min":67.6649746193,
        "percentage_of_positive_biopsies_median":69.6741988954
    },
    "Stage_3\/4":{
        "count_mean":590.4,
        "count_std":21.5175950457,
        "count_max":637.0,
        "count_min":547.0,
        "count_median":590.5,
        "percentage_of_total_scans_mean":2.3332114201,
        "percentage_of_total_scans_std":0.0798528203,
        "percentage_of_total_scans_max":2.4938339271,
        "percentage_of_total_scans_min":2.1712765541,
        "percentage_of_total_scans_median":2.3258055743,
        "percentage_of_positive_biopsies_mean":30.1415111099,
        "percentage_of_positive_biopsies_std":0.9402424847,
        "percentage_of_positive_biopsies_max":32.3350253807,
        "percentage_of_positive_biopsies_min":28.0815109344,
        "percentage_of_positive_biopsies_median":30.3258011046
    }
}

{
    "in_queue_mean":{
        "mean":19.9709151155,
        "std":4.0570455048,
        "median":19.7061767895,
        "max":null
    },
    "in_queue_max":{
        "mean":32.3020112492,
        "std":4.9079013521,
        "median":null,
        "max":42.8708536781
    },
    "in_system_mean":{
        "mean":19.981326893,
        "std":4.0570744336,
        "median":19.7165369479,
        "max":null
    },
    "in_system_max":{
        "mean":32.313180674,
        "std":4.9076427858,
        "median":null,
        "max":42.8785508809
    },
    "service_time_mean":{
        "mean":14.9929596816,
        "std":0.0931097562,
        "median":14.9720562275,
        "max":null
    }
}

{
    "('id', 'total_unique_arrivals')":{
        "mean":14746.1333333333,
        "std":64.8748042763,
        "max":14861.0,
        "min":14620.0,
        "median":14750.0
    },
    "('id', 'total_patients_returned_to_queue')":{
        "mean":25302.6666666667,
        "std":138.3355075303,
        "max":25561.0,
        "min":25006.0,
        "median":25304.5
    }
}

{
    "('queue_size_mean', 'mean')":{
        "total":473.0230555556
    },
    "('queue_size_mean', 'std')":{
        "total":95.6441767851
    },
    "('queue_size_mean', 'median')":{
        "total":467.0953703704
    },
    "('queue_size_max', 'mean')":{
        "total":777.9333333333
    },
    "('queue_size_max', 'std')":{
        "total":116.8727375465
    },
    "('queue_size_max', 'max')":{
        "total":1033
    }
}

{
    "('utilization_mean', 'mean')":{
        "Single_Queue":0.8774721877
    },
    "('utilization_mean', 'std')":{
        "Single_Queue":0.0023134369
    },
    "('utilization_mean', 'median')":{
        "Single_Queue":0.8775827025
    },
    "('utilization_max', 'mean')":{
        "Single_Queue":1.2305120667
    },
    "('utilization_max', 'std')":{
        "Single_Queue":0.0419416689
    },
    "('utilization_max', 'max')":{
        "Single_Queue":1.3230772138
    }
}