{
    "Stage_1\/2":{
        "count_mean":2811.5,
        "count_std":53.5509747488,
        "count_max":2927.0,
        "count_min":2701.0,
        "count_median":2817.0,
        "percentage_of_total_scans_mean":3.8084105102,
        "percentage_of_total_scans_std":0.0693102197,
        "percentage_of_total_scans_max":3.9375008507,
        "percentage_of_total_scans_min":3.6830981114,
        "percentage_of_total_scans_median":3.808077279,
        "percentage_of_positive_biopsies_mean":70.057570383,
        "percentage_of_positive_biopsies_std":0.8313816716,
        "percentage_of_positive_biopsies_max":71.9849246231,
        "percentage_of_positive_biopsies_min":68.3054654355,
        "percentage_of_positive_biopsies_median":70.0608559232
    },
    "Stage_3\/4":{
        "count_mean":1201.6333333333,
        "count_std":37.9613990271,
        "count_max":1270.0,
        "count_min":1115.0,
        "count_median":1207.5,
        "percentage_of_total_scans_mean":1.6277483753,
        "percentage_of_total_scans_std":0.0518495906,
        "percentage_of_total_scans_max":1.7215670327,
        "percentage_of_total_scans_min":1.5119464107,
        "percentage_of_total_scans_median":1.6333272624,
        "percentage_of_positive_biopsies_mean":29.942429617,
        "percentage_of_positive_biopsies_std":0.8313816716,
        "percentage_of_positive_biopsies_max":31.6945345645,
        "percentage_of_positive_biopsies_min":28.0150753769,
        "percentage_of_positive_biopsies_median":29.9391440768
    }
}

{
    "in_queue_mean":{
        "max":null,
        "mean":56.3575623561,
        "median":55.9783735811,
        "std":3.8751004642
    },
    "in_queue_max":{
        "max":86.4060218594,
        "mean":80.224392073,
        "median":null,
        "std":4.5271634264
    },
    "in_system_mean":{
        "max":null,
        "mean":56.367975428,
        "median":55.9887764366,
        "std":3.8751106401
    },
    "in_system_max":{
        "max":86.4270502772,
        "mean":80.245928684,
        "median":null,
        "std":4.5301799841
    },
    "service_time_mean":{
        "max":null,
        "mean":14.9948234892,
        "median":14.9962051791,
        "std":0.0411793655
    }
}

{
    "id_total_unique_arrivals":{
        "mean":52625.9666666667,
        "std":210.6841864896,
        "max":53135.0,
        "min":52196.0,
        "median":52600.0
    },
    "id_total_patients_returned_to_queue":{
        "mean":79796.2666666667,
        "std":218.8828900125,
        "max":80313.0,
        "min":79414.0,
        "median":79801.5
    },
    "id_total_patients_served":{
        "mean":74051.0,
        "std":361.6759837774,
        "max":74789.0,
        "min":73523.0,
        "median":73986.0
    }
}

{
    "('queue_size_mean', 'mean')":{
        "total":4090.9043518519
    },
    "('queue_size_mean', 'std')":{
        "total":279.2519848661
    },
    "('queue_size_mean', 'median')":{
        "total":4072.8351851852
    },
    "('queue_size_max', 'mean')":{
        "total":5897.8666666667
    },
    "('queue_size_max', 'std')":{
        "total":350.2712971529
    },
    "('queue_size_max', 'max')":{
        "total":6399
    }
}

{
    "('utilization_mean', 'mean')":{
        "Single_Queue":1.02808904
    },
    "('utilization_mean', 'std')":{
        "Single_Queue":0.0007167896
    },
    "('utilization_mean', 'median')":{
        "Single_Queue":1.0281578499
    },
    "('utilization_max', 'mean')":{
        "Single_Queue":1.1272709316
    },
    "('utilization_max', 'std')":{
        "Single_Queue":0.0199941012
    },
    "('utilization_max', 'max')":{
        "Single_Queue":1.1951725691
    }
}