{
    "Stage_1\/2":{
        "count_mean":3966.4,
        "count_std":55.8313964323,
        "count_max":4056.0,
        "count_min":3848.0,
        "count_median":3975.0,
        "percentage_of_total_scans_mean":5.4287282834,
        "percentage_of_total_scans_std":0.0722522087,
        "percentage_of_total_scans_max":5.5540288007,
        "percentage_of_total_scans_min":5.2749904041,
        "percentage_of_total_scans_median":5.4337057019,
        "percentage_of_positive_biopsies_mean":70.1700113727,
        "percentage_of_positive_biopsies_std":0.4846216957,
        "percentage_of_positive_biopsies_max":71.100512277,
        "percentage_of_positive_biopsies_min":69.0696876073,
        "percentage_of_positive_biopsies_median":70.2251620064
    },
    "Stage_3\/4":{
        "count_mean":1686.2333333333,
        "count_std":38.2646711402,
        "count_max":1802.0,
        "count_min":1631.0,
        "count_median":1684.5,
        "percentage_of_total_scans_mean":2.3078877654,
        "percentage_of_total_scans_std":0.0500263756,
        "percentage_of_total_scans_max":2.4482365089,
        "percentage_of_total_scans_min":2.2296118622,
        "percentage_of_total_scans_median":2.306753558,
        "percentage_of_positive_biopsies_mean":29.8299886273,
        "percentage_of_positive_biopsies_std":0.4846216957,
        "percentage_of_positive_biopsies_max":30.9303123927,
        "percentage_of_positive_biopsies_min":28.899487723,
        "percentage_of_positive_biopsies_median":29.7748379936
    }
}

{
    "in_queue_mean":{
        "mean":80.5963189813,
        "std":3.3273262325,
        "median":80.5560543692,
        "max":null
    },
    "in_queue_max":{
        "mean":114.8331143895,
        "std":4.0693954338,
        "median":null,
        "max":124.3453458168
    },
    "in_system_mean":{
        "mean":80.6067397545,
        "std":3.3273345832,
        "median":80.5664825113,
        "max":null
    },
    "in_system_max":{
        "mean":114.8517720583,
        "std":4.0667418342,
        "median":null,
        "max":124.3489176072
    },
    "service_time_mean":{
        "mean":15.0059133054,
        "std":0.0467686453,
        "median":15.0060582872,
        "max":null
    }
}

{
    "('id', 'total_unique_arrivals')":{
        "mean":46134.9333333333,
        "std":164.161806918,
        "max":46585.0,
        "min":45867.0,
        "median":46128.0
    },
    "('id', 'total_patients_returned_to_queue')":{
        "mean":73063.0,
        "std":301.4928374514,
        "max":73858.0,
        "min":72485.0,
        "median":73007.5
    }
}

{
    "('queue_size_mean', 'mean')":{
        "total":5963.1313271605
    },
    "('queue_size_mean', 'std')":{
        "total":238.6911438379
    },
    "('queue_size_mean', 'median')":{
        "total":5969.5444444444
    },
    "('queue_size_max', 'mean')":{
        "total":8788.5
    },
    "('queue_size_max', 'std')":{
        "total":322.4092227225
    },
    "('queue_size_max', 'max')":{
        "total":9308
    }
}

{
    "('utilization_mean', 'mean')":{
        "Single_Queue":0.9051575396
    },
    "('utilization_mean', 'std')":{
        "Single_Queue":0.0014259159
    },
    "('utilization_mean', 'median')":{
        "Single_Queue":0.9050451883
    },
    "('utilization_max', 'mean')":{
        "Single_Queue":1.1337640976
    },
    "('utilization_max', 'std')":{
        "Single_Queue":0.0209418647
    },
    "('utilization_max', 'max')":{
        "Single_Queue":1.1820994168
    }
}