{
    "Stage_1\/2":{
        "count_mean":2831.2333333333,
        "count_std":53.2247565767,
        "count_max":2987.0,
        "count_min":2697.0,
        "count_median":2823.0,
        "percentage_of_total_scans_mean":3.7648438457,
        "percentage_of_total_scans_std":0.0639502739,
        "percentage_of_total_scans_max":3.9602778956,
        "percentage_of_total_scans_min":3.6059042169,
        "percentage_of_total_scans_median":3.7536299177,
        "percentage_of_positive_biopsies_mean":69.9466353771,
        "percentage_of_positive_biopsies_std":0.7440567285,
        "percentage_of_positive_biopsies_max":71.5664439495,
        "percentage_of_positive_biopsies_min":68.5235395613,
        "percentage_of_positive_biopsies_median":70.0521638855
    },
    "Stage_3\/4":{
        "count_mean":1216.4666666667,
        "count_std":35.4242594971,
        "count_max":1277.0,
        "count_min":1149.0,
        "count_median":1207.0,
        "percentage_of_total_scans_mean":1.617685099,
        "percentage_of_total_scans_std":0.0482675702,
        "percentage_of_total_scans_max":1.706991044,
        "percentage_of_total_scans_min":1.5232666048,
        "percentage_of_total_scans_median":1.6031179054,
        "percentage_of_positive_biopsies_mean":30.0533646229,
        "percentage_of_positive_biopsies_std":0.7440567285,
        "percentage_of_positive_biopsies_max":31.4764604387,
        "percentage_of_positive_biopsies_min":28.4335560505,
        "percentage_of_positive_biopsies_median":29.9478361145
    }
}

{
    "in_queue_mean":{
        "mean":2.1911980196,
        "std":0.4259639746,
        "median":2.0777975034,
        "max":null
    },
    "in_queue_max":{
        "mean":5.8936998266,
        "std":1.1592773439,
        "median":null,
        "max":8.7211885748
    },
    "in_system_mean":{
        "mean":2.2016173603,
        "std":0.4259804642,
        "median":2.0882176909,
        "max":null
    },
    "in_system_max":{
        "mean":5.912937111,
        "std":1.159342904,
        "median":null,
        "max":8.7523238277
    },
    "service_time_mean":{
        "mean":15.0038506391,
        "std":0.0484807403,
        "median":15.0159189954,
        "max":null
    }
}

{
    "('id', 'total_unique_arrivals')":{
        "mean":47741.6666666667,
        "std":225.2902087551,
        "max":48173.0,
        "min":47361.0,
        "median":47742.0
    },
    "('id', 'total_patients_returned_to_queue')":{
        "mean":75200.3333333333,
        "std":353.3154625713,
        "max":75823.0,
        "min":74547.0,
        "median":75264.0
    }
}

{
    "('queue_size_mean', 'mean')":{
        "total":136.2983333333
    },
    "('queue_size_mean', 'std')":{
        "total":30.174890837
    },
    "('queue_size_mean', 'median')":{
        "total":128.5018518519
    },
    "('queue_size_max', 'mean')":{
        "total":386.0666666667
    },
    "('queue_size_max', 'std')":{
        "total":71.366433399
    },
    "('queue_size_max', 'max')":{
        "total":595
    }
}

{
    "('utilization_mean', 'mean')":{
        "Single_Queue":0.9280131125
    },
    "('utilization_mean', 'std')":{
        "Single_Queue":0.0050483857
    },
    "('utilization_mean', 'median')":{
        "Single_Queue":0.926750999
    },
    "('utilization_max', 'mean')":{
        "Single_Queue":1.1256000904
    },
    "('utilization_max', 'std')":{
        "Single_Queue":0.015675104
    },
    "('utilization_max', 'max')":{
        "Single_Queue":1.1741591507
    }
}