{
    "Stage_1\/2":{
        "count_mean":1310.8,
        "count_std":32.8878973652,
        "count_max":1388.0,
        "count_min":1255.0,
        "count_median":1310.5,
        "percentage_of_total_scans_mean":5.3848414219,
        "percentage_of_total_scans_std":0.1345090639,
        "percentage_of_total_scans_max":5.7084104462,
        "percentage_of_total_scans_min":5.172484684,
        "percentage_of_total_scans_median":5.3605942094,
        "percentage_of_positive_biopsies_mean":69.8432190897,
        "percentage_of_positive_biopsies_std":0.9892609608,
        "percentage_of_positive_biopsies_max":71.6890080429,
        "percentage_of_positive_biopsies_min":67.8571428571,
        "percentage_of_positive_biopsies_median":70.0486778876
    },
    "Stage_3\/4":{
        "count_mean":566.0666666667,
        "count_std":24.215887252,
        "count_max":612.0,
        "count_min":521.0,
        "count_median":564.5,
        "percentage_of_total_scans_mean":2.3251204808,
        "percentage_of_total_scans_std":0.0914699448,
        "percentage_of_total_scans_max":2.4909438724,
        "percentage_of_total_scans_min":2.1516478071,
        "percentage_of_total_scans_median":2.3183640002,
        "percentage_of_positive_biopsies_mean":30.1567809103,
        "percentage_of_positive_biopsies_std":0.9892609608,
        "percentage_of_positive_biopsies_max":32.1428571429,
        "percentage_of_positive_biopsies_min":28.3109919571,
        "percentage_of_positive_biopsies_median":29.9513221124
    }
}

{
    "in_queue_mean":{
        "mean":81.2321689142,
        "std":4.4671180806,
        "median":81.8777468251,
        "max":null
    },
    "in_queue_max":{
        "mean":114.6008020085,
        "std":6.0145583203,
        "median":null,
        "max":132.9214560946
    },
    "in_system_mean":{
        "mean":81.2425879753,
        "std":4.4671415746,
        "median":81.8881515714,
        "max":null
    },
    "in_system_max":{
        "mean":114.610916341,
        "std":6.014313327,
        "median":null,
        "max":132.9301026709
    },
    "service_time_mean":{
        "mean":15.0034480649,
        "std":0.0846556131,
        "median":15.0152036809,
        "max":null
    }
}

{
    "('id', 'total_unique_arrivals')":{
        "mean":15381.8666666667,
        "std":76.743519701,
        "max":15518.0,
        "min":15254.0,
        "median":15372.5
    },
    "('id', 'total_patients_returned_to_queue')":{
        "mean":24342.9666666667,
        "std":181.2634743307,
        "max":24759.0,
        "min":23894.0,
        "median":24327.5
    }
}

{
    "('queue_size_mean', 'mean')":{
        "total":2001.3843209877
    },
    "('queue_size_mean', 'std')":{
        "total":106.9643501956
    },
    "('queue_size_mean', 'median')":{
        "total":2018.4314814815
    },
    "('queue_size_max', 'mean')":{
        "total":2935.1333333333
    },
    "('queue_size_max', 'std')":{
        "total":142.8630241811
    },
    "('queue_size_max', 'max')":{
        "total":3347
    }
}

{
    "('utilization_mean', 'mean')":{
        "Single_Queue":0.9054834042
    },
    "('utilization_mean', 'std')":{
        "Single_Queue":0.0021515493
    },
    "('utilization_mean', 'median')":{
        "Single_Queue":0.905015985
    },
    "('utilization_max', 'mean')":{
        "Single_Queue":1.242946405
    },
    "('utilization_max', 'std')":{
        "Single_Queue":0.0489620727
    },
    "('utilization_max', 'max')":{
        "Single_Queue":1.3872992681
    }
}