{
    "Stage_1\/2":{
        "count_mean":4103.0666666667,
        "count_std":72.9260056417,
        "count_max":4290.0,
        "count_min":3944.0,
        "count_median":4100.5,
        "percentage_of_total_scans_mean":5.4252518652,
        "percentage_of_total_scans_std":0.0896039338,
        "percentage_of_total_scans_max":5.6299212598,
        "percentage_of_total_scans_min":5.2107279693,
        "percentage_of_total_scans_median":5.4179289573,
        "percentage_of_positive_biopsies_mean":70.0423115805,
        "percentage_of_positive_biopsies_std":0.5102268747,
        "percentage_of_positive_biopsies_max":71.393728223,
        "percentage_of_positive_biopsies_min":69.2111959288,
        "percentage_of_positive_biopsies_median":69.9932448317
    },
    "Stage_3\/4":{
        "count_mean":1754.8,
        "count_std":35.5725581952,
        "count_max":1815.0,
        "count_min":1642.0,
        "count_median":1757.5,
        "percentage_of_total_scans_mean":2.3202784818,
        "percentage_of_total_scans_std":0.0449145355,
        "percentage_of_total_scans_max":2.392502175,
        "percentage_of_total_scans_min":2.1834525678,
        "percentage_of_total_scans_median":2.3196649374,
        "percentage_of_positive_biopsies_mean":29.9576884195,
        "percentage_of_positive_biopsies_std":0.5102268747,
        "percentage_of_positive_biopsies_max":30.7888040712,
        "percentage_of_positive_biopsies_min":28.606271777,
        "percentage_of_positive_biopsies_median":30.0067551683
    }
}

{
    "in_queue_mean":{
        "mean":21.5961464043,
        "std":3.2589945224,
        "median":21.7178465249,
        "max":null
    },
    "in_queue_max":{
        "mean":33.9775075311,
        "std":4.5624429927,
        "median":null,
        "max":42.6769240756
    },
    "in_system_mean":{
        "mean":21.6065682965,
        "std":3.2590076032,
        "median":21.7282498913,
        "max":null
    },
    "in_system_max":{
        "mean":33.9981964059,
        "std":4.5621779715,
        "median":null,
        "max":42.6967462847
    },
    "service_time_mean":{
        "mean":15.0075247359,
        "std":0.0545458268,
        "median":15.0065987961,
        "max":null
    }
}

{
    "('id', 'total_unique_arrivals')":{
        "mean":43689.1666666667,
        "std":149.9434567758,
        "max":43976.0,
        "min":43371.0,
        "median":43697.0
    },
    "('id', 'total_patients_returned_to_queue')":{
        "mean":75628.2666666667,
        "std":342.8419695603,
        "max":76200.0,
        "min":74696.0,
        "median":75678.0
    }
}

{
    "('queue_size_mean', 'mean')":{
        "total":1536.3260493827
    },
    "('queue_size_mean', 'std')":{
        "total":231.597620231
    },
    "('queue_size_mean', 'median')":{
        "total":1549.3518518519
    },
    "('queue_size_max', 'mean')":{
        "total":2446.4
    },
    "('queue_size_max', 'std')":{
        "total":336.5965148261
    },
    "('queue_size_max', 'max')":{
        "total":3044
    }
}

{
    "('utilization_mean', 'mean')":{
        "Single_Queue":0.8821899753
    },
    "('utilization_mean', 'std')":{
        "Single_Queue":0.0018352553
    },
    "('utilization_mean', 'median')":{
        "Single_Queue":0.8818510394
    },
    "('utilization_max', 'mean')":{
        "Single_Queue":1.1230184337
    },
    "('utilization_max', 'std')":{
        "Single_Queue":0.0157309532
    },
    "('utilization_max', 'max')":{
        "Single_Queue":1.178606426
    }
}