{
    "Stage_1\/2":{
        "count_mean":2289.7,
        "count_std":42.5717649671,
        "count_max":2363.0,
        "count_min":2198.0,
        "count_median":2286.0,
        "percentage_of_total_scans_mean":3.4924161049,
        "percentage_of_total_scans_std":0.0568582283,
        "percentage_of_total_scans_max":3.6069727683,
        "percentage_of_total_scans_min":3.3762403613,
        "percentage_of_total_scans_median":3.4926758213,
        "percentage_of_positive_biopsies_mean":64.3316581228,
        "percentage_of_positive_biopsies_std":0.6142435193,
        "percentage_of_positive_biopsies_max":65.4208194906,
        "percentage_of_positive_biopsies_min":63.0273660205,
        "percentage_of_positive_biopsies_median":64.4086901445
    },
    "Stage_3\/4":{
        "count_mean":1269.4666666667,
        "count_std":27.6651571393,
        "count_max":1327.0,
        "count_min":1214.0,
        "count_median":1271.5,
        "percentage_of_total_scans_mean":1.9363814311,
        "percentage_of_total_scans_std":0.0433546367,
        "percentage_of_total_scans_max":2.0226500221,
        "percentage_of_total_scans_min":1.8394496803,
        "percentage_of_total_scans_median":1.93268028,
        "percentage_of_positive_biopsies_mean":35.6683418772,
        "percentage_of_positive_biopsies_std":0.6142435193,
        "percentage_of_positive_biopsies_max":36.9726339795,
        "percentage_of_positive_biopsies_min":34.5791805094,
        "percentage_of_positive_biopsies_median":35.5913098555
    }
}

{
    "in_queue_mean":{
        "max":null,
        "mean":222.1520503182,
        "median":222.1154120169,
        "std":3.8919721404
    },
    "in_queue_max":{
        "max":305.3808812113,
        "mean":297.0747863772,
        "median":null,
        "std":4.7572150396
    },
    "in_system_mean":{
        "max":null,
        "mean":222.1624612957,
        "median":222.1258344567,
        "std":3.891980196
    },
    "in_system_max":{
        "max":305.3936575922,
        "mean":297.0929114352,
        "median":null,
        "std":4.7555204642
    },
    "service_time_mean":{
        "max":null,
        "mean":14.9918075034,
        "median":14.990915213,
        "std":0.0612714949
    }
}

{
    "id_total_unique_arrivals":{
        "mean":66483.7333333333,
        "std":263.8114443327,
        "max":67080.0,
        "min":65991.0,
        "median":66434.5
    },
    "id_total_patients_returned_to_queue":{
        "mean":90435.4666666667,
        "std":240.1535045489,
        "max":90935.0,
        "min":89957.0,
        "median":90421.5
    },
    "id_total_patients_served":{
        "mean":65761.5,
        "std":354.9956532031,
        "max":66445.0,
        "min":65083.0,
        "median":65817.0
    }
}

{
    "('queue_size_mean', 'mean')":{
        "total":17636.577962963
    },
    "('queue_size_mean', 'std')":{
        "total":309.9768229964
    },
    "('queue_size_mean', 'median')":{
        "total":17596.6194444444
    },
    "('queue_size_max', 'mean')":{
        "total":24776.9
    },
    "('queue_size_max', 'std')":{
        "total":400.1958442976
    },
    "('queue_size_max', 'max')":{
        "total":25744
    }
}

{
    "('utilization_mean', 'mean')":{
        "Single_Queue":1.0281165921
    },
    "('utilization_mean', 'std')":{
        "Single_Queue":0.0008591004
    },
    "('utilization_mean', 'median')":{
        "Single_Queue":1.0280381549
    },
    "('utilization_max', 'mean')":{
        "Single_Queue":1.1219894757
    },
    "('utilization_max', 'std')":{
        "Single_Queue":0.0175197592
    },
    "('utilization_max', 'max')":{
        "Single_Queue":1.1718653706
    }
}