{
    "Stage_1\/2":{
        "count_mean":2721.0,
        "count_std":60.9906719832,
        "count_max":2837.0,
        "count_min":2570.0,
        "count_median":2731.5,
        "percentage_of_total_scans_mean":3.7938186387,
        "percentage_of_total_scans_std":0.084827374,
        "percentage_of_total_scans_max":3.9366145392,
        "percentage_of_total_scans_min":3.5785897293,
        "percentage_of_total_scans_median":3.8067450653,
        "percentage_of_positive_biopsies_mean":69.8782830412,
        "percentage_of_positive_biopsies_std":0.6767731109,
        "percentage_of_positive_biopsies_max":71.1180124224,
        "percentage_of_positive_biopsies_min":68.2421667552,
        "percentage_of_positive_biopsies_median":69.967871922
    },
    "Stage_3\/4":{
        "count_mean":1172.7333333333,
        "count_std":28.6415821819,
        "count_max":1234.0,
        "count_min":1109.0,
        "count_median":1172.5,
        "percentage_of_total_scans_mean":1.6351232792,
        "percentage_of_total_scans_std":0.0403813227,
        "percentage_of_total_scans_max":1.7152706347,
        "percentage_of_total_scans_min":1.5443316484,
        "percentage_of_total_scans_median":1.6328345608,
        "percentage_of_positive_biopsies_mean":30.1217169588,
        "percentage_of_positive_biopsies_std":0.6767731109,
        "percentage_of_positive_biopsies_max":31.7578332448,
        "percentage_of_positive_biopsies_min":28.8819875776,
        "percentage_of_positive_biopsies_median":30.032128078
    }
}

{
    "in_queue_mean":{
        "max":null,
        "mean":101.5523186156,
        "median":100.7531462882,
        "std":3.8959197173
    },
    "in_queue_max":{
        "max":153.7915082987,
        "mean":141.1780875734,
        "median":null,
        "std":4.8881766717
    },
    "in_system_mean":{
        "max":null,
        "mean":101.5627405016,
        "median":100.7635787824,
        "std":3.8959434346
    },
    "in_system_max":{
        "max":153.8284053762,
        "mean":141.1960106423,
        "median":null,
        "std":4.8877289963
    },
    "service_time_mean":{
        "max":null,
        "mean":15.0075158197,
        "median":15.0054877657,
        "std":0.0580170681
    }
}

{
    "id_total_unique_arrivals":{
        "mean":56108.0,
        "std":257.353239061,
        "max":56816.0,
        "min":55765.0,
        "median":56088.0
    },
    "id_total_patients_returned_to_queue":{
        "mean":82496.0333333333,
        "std":310.3635780415,
        "max":83210.0,
        "min":81688.0,
        "median":82481.5
    },
    "id_total_patients_served":{
        "mean":71940.4333333333,
        "std":412.4554465664,
        "max":72805.0,
        "min":71208.0,
        "median":71989.0
    }
}

{
    "('queue_size_mean', 'mean')":{
        "total":7555.4050925926
    },
    "('queue_size_mean', 'std')":{
        "total":281.7381347838
    },
    "('queue_size_mean', 'median')":{
        "total":7486.162962963
    },
    "('queue_size_max', 'mean')":{
        "total":10681.3666666667
    },
    "('queue_size_max', 'std')":{
        "total":386.8933278391
    },
    "('queue_size_max', 'max')":{
        "total":11632
    }
}

{
    "('utilization_mean', 'mean')":{
        "Single_Queue":1.0281795542
    },
    "('utilization_mean', 'std')":{
        "Single_Queue":0.0006235685
    },
    "('utilization_mean', 'median')":{
        "Single_Queue":1.0280787592
    },
    "('utilization_max', 'mean')":{
        "Single_Queue":1.1175436934
    },
    "('utilization_max', 'std')":{
        "Single_Queue":0.0145678314
    },
    "('utilization_max', 'max')":{
        "Single_Queue":1.1550376385
    }
}