{
    "Stage_1\/2":{
        "count_mean":2882.9666666667,
        "count_std":55.9571777981,
        "count_max":2987.0,
        "count_min":2711.0,
        "count_median":2882.5,
        "percentage_of_total_scans_mean":3.811958007,
        "percentage_of_total_scans_std":0.0717892246,
        "percentage_of_total_scans_max":3.9451613329,
        "percentage_of_total_scans_min":3.5863583448,
        "percentage_of_total_scans_median":3.8163574844,
        "percentage_of_positive_biopsies_mean":70.1228048864,
        "percentage_of_positive_biopsies_std":0.7406477281,
        "percentage_of_positive_biopsies_max":71.7258261934,
        "percentage_of_positive_biopsies_min":68.8420518029,
        "percentage_of_positive_biopsies_median":70.2063700215
    },
    "Stage_3\/4":{
        "count_mean":1228.2666666667,
        "count_std":33.6246351944,
        "count_max":1291.0,
        "count_min":1155.0,
        "count_median":1232.5,
        "percentage_of_total_scans_mean":1.6240089465,
        "percentage_of_total_scans_std":0.0419550776,
        "percentage_of_total_scans_max":1.7042004383,
        "percentage_of_total_scans_min":1.5303486015,
        "percentage_of_total_scans_median":1.6258747515,
        "percentage_of_positive_biopsies_mean":29.8771951136,
        "percentage_of_positive_biopsies_std":0.7406477281,
        "percentage_of_positive_biopsies_max":31.1579481971,
        "percentage_of_positive_biopsies_min":28.2741738066,
        "percentage_of_positive_biopsies_median":29.7936299785
    }
}

{
    "in_queue_mean":{
        "max":null,
        "mean":13.7685973569,
        "median":13.4349643885,
        "std":3.7168195607
    },
    "in_queue_max":{
        "max":30.7086508998,
        "mean":21.1916549808,
        "median":null,
        "std":4.9259952915
    },
    "in_system_mean":{
        "max":null,
        "mean":13.779014427,
        "median":13.4453634884,
        "std":3.7168374563
    },
    "in_system_max":{
        "max":30.7282243436,
        "mean":21.211253389,
        "median":null,
        "std":4.9258726828
    },
    "service_time_mean":{
        "max":null,
        "mean":15.0005808714,
        "median":15.003001119,
        "std":0.0447417519
    }
}

{
    "id_total_unique_arrivals":{
        "mean":49373.4333333333,
        "std":236.3276047812,
        "max":49753.0,
        "min":48899.0,
        "median":49411.0
    },
    "id_total_patients_returned_to_queue":{
        "mean":77151.2666666667,
        "std":291.9827502384,
        "max":77912.0,
        "min":76679.0,
        "median":77140.0
    },
    "id_total_patients_served":{
        "mean":75859.6666666667,
        "std":344.6833962902,
        "max":76656.0,
        "min":75177.0,
        "median":75865.5
    }
}

{
    "('queue_size_mean', 'mean')":{
        "total":963.5099074074
    },
    "('queue_size_mean', 'std')":{
        "total":264.0541655343
    },
    "('queue_size_mean', 'median')":{
        "total":937.5310185185
    },
    "('queue_size_max', 'mean')":{
        "total":1482.7333333333
    },
    "('queue_size_max', 'std')":{
        "total":350.8542219462
    },
    "('queue_size_max', 'max')":{
        "total":2135
    }
}

{
    "('utilization_mean', 'mean')":{
        "Single_Queue":1.0282704877
    },
    "('utilization_mean', 'std')":{
        "Single_Queue":0.0006404028
    },
    "('utilization_mean', 'median')":{
        "Single_Queue":1.0283175906
    },
    "('utilization_max', 'mean')":{
        "Single_Queue":1.1168683414
    },
    "('utilization_max', 'std')":{
        "Single_Queue":0.0121103608
    },
    "('utilization_max', 'max')":{
        "Single_Queue":1.1476882112
    }
}