{
    "Stage_1\/2":{
        "count_mean":2133.3666666667,
        "count_std":50.4568667507,
        "count_max":2212.0,
        "count_min":2048.0,
        "count_median":2147.5,
        "percentage_of_total_scans_mean":3.4180607531,
        "percentage_of_total_scans_std":0.0741604253,
        "percentage_of_total_scans_max":3.5174590965,
        "percentage_of_total_scans_min":3.2721927526,
        "percentage_of_total_scans_median":3.4311087008,
        "percentage_of_positive_biopsies_mean":62.8547270076,
        "percentage_of_positive_biopsies_std":0.7391105463,
        "percentage_of_positive_biopsies_max":64.4829612221,
        "percentage_of_positive_biopsies_min":61.7935409458,
        "percentage_of_positive_biopsies_median":62.8976879536
    },
    "Stage_3\/4":{
        "count_mean":1260.7666666667,
        "count_std":36.4537338642,
        "count_max":1335.0,
        "count_min":1175.0,
        "count_median":1269.0,
        "percentage_of_total_scans_mean":2.0200824859,
        "percentage_of_total_scans_std":0.0586900311,
        "percentage_of_total_scans_max":2.1358052849,
        "percentage_of_total_scans_min":1.886701564,
        "percentage_of_total_scans_median":2.0251709361,
        "percentage_of_positive_biopsies_mean":37.1452729924,
        "percentage_of_positive_biopsies_std":0.7391105463,
        "percentage_of_positive_biopsies_max":38.2064590542,
        "percentage_of_positive_biopsies_min":35.5170387779,
        "percentage_of_positive_biopsies_median":37.1023120464
    }
}

{
    "in_queue_mean":{
        "max":null,
        "mean":277.8862947151,
        "median":277.3364758222,
        "std":4.3647972933
    },
    "in_queue_max":{
        "max":375.4468401309,
        "mean":365.6899300299,
        "median":null,
        "std":4.6112174581
    },
    "in_system_mean":{
        "max":null,
        "mean":277.8967049579,
        "median":277.3468412613,
        "std":4.3648043411
    },
    "in_system_max":{
        "max":375.4581554416,
        "mean":365.7102451898,
        "median":null,
        "std":4.6128559028
    },
    "service_time_mean":{
        "max":null,
        "mean":14.9907496283,
        "median":14.9911853593,
        "std":0.0607393031
    }
}

{
    "id_total_unique_arrivals":{
        "mean":71756.1333333333,
        "std":257.418180283,
        "max":72219.0,
        "min":71308.0,
        "median":71721.5
    },
    "id_total_patients_returned_to_queue":{
        "mean":94385.9,
        "std":237.9431038918,
        "max":94817.0,
        "min":93882.0,
        "median":94339.0
    },
    "id_total_patients_served":{
        "mean":62602.6666666667,
        "std":405.103080397,
        "max":63216.0,
        "min":61566.0,
        "median":62600.0
    }
}

{
    "('queue_size_mean', 'mean')":{
        "total":22711.6924691358
    },
    "('queue_size_mean', 'std')":{
        "total":345.3047261137
    },
    "('queue_size_mean', 'median')":{
        "total":22691.8486111111
    },
    "('queue_size_max', 'mean')":{
        "total":31869
    },
    "('queue_size_max', 'std')":{
        "total":402.1064364157
    },
    "('queue_size_max', 'max')":{
        "total":32785
    }
}

{
    "('utilization_mean', 'mean')":{
        "Single_Queue":1.0280236962
    },
    "('utilization_mean', 'std')":{
        "Single_Queue":0.0004932817
    },
    "('utilization_mean', 'median')":{
        "Single_Queue":1.0279715109
    },
    "('utilization_max', 'mean')":{
        "Single_Queue":1.1169254834
    },
    "('utilization_max', 'std')":{
        "Single_Queue":0.0167417054
    },
    "('utilization_max', 'max')":{
        "Single_Queue":1.1612255745
    }
}