{
    "Stage_1\/2":{
        "count_mean":3999.7,
        "count_std":65.4260045316,
        "count_max":4188.0,
        "count_min":3863.0,
        "count_median":3994.5,
        "percentage_of_total_scans_mean":5.435134631,
        "percentage_of_total_scans_std":0.0940429049,
        "percentage_of_total_scans_max":5.6861227649,
        "percentage_of_total_scans_min":5.2172386316,
        "percentage_of_total_scans_median":5.4420743766,
        "percentage_of_positive_biopsies_mean":69.921253778,
        "percentage_of_positive_biopsies_std":0.5798928427,
        "percentage_of_positive_biopsies_max":71.2497765063,
        "percentage_of_positive_biopsies_min":68.8418175606,
        "percentage_of_positive_biopsies_median":69.9197239175
    },
    "Stage_3\/4":{
        "count_mean":1720.6666666667,
        "count_std":44.098896173,
        "count_max":1824.0,
        "count_min":1608.0,
        "count_median":1724.5,
        "percentage_of_total_scans_mean":2.3380738447,
        "percentage_of_total_scans_std":0.0567734809,
        "percentage_of_total_scans_max":2.4708751016,
        "percentage_of_total_scans_min":2.195101974,
        "percentage_of_total_scans_median":2.3342358662,
        "percentage_of_positive_biopsies_mean":30.078746222,
        "percentage_of_positive_biopsies_std":0.5798928427,
        "percentage_of_positive_biopsies_max":31.1581824394,
        "percentage_of_positive_biopsies_min":28.7502234937,
        "percentage_of_positive_biopsies_median":30.0802760825
    }
}

{
    "in_queue_mean":{
        "mean":1.4128665559,
        "std":0.0731655319,
        "median":1.4108291409,
        "max":null
    },
    "in_queue_max":{
        "mean":3.9391956519,
        "std":0.5108219622,
        "median":null,
        "max":5.8623653821
    },
    "in_system_mean":{
        "mean":1.4232727378,
        "std":0.0731835965,
        "median":1.4211779805,
        "max":null
    },
    "in_system_max":{
        "mean":3.9600491016,
        "std":0.5048489652,
        "median":null,
        "max":5.8632924113
    },
    "service_time_mean":{
        "mean":14.9849019467,
        "std":0.0532377355,
        "median":14.9813740146,
        "max":null
    }
}

{
    "('id', 'total_unique_arrivals')":{
        "mean":41258.4333333333,
        "std":205.1992611624,
        "max":41678.0,
        "min":40860.0,
        "median":41268.5
    },
    "('id', 'total_patients_returned_to_queue')":{
        "mean":73591.9333333333,
        "std":399.3698427077,
        "max":74429.0,
        "min":72712.0,
        "median":73654.0
    }
}

{
    "('queue_size_mean', 'mean')":{
        "total":84.3789197531
    },
    "('queue_size_mean', 'std')":{
        "total":5.2738611573
    },
    "('queue_size_mean', 'median')":{
        "total":84.3324074074
    },
    "('queue_size_max', 'mean')":{
        "total":277.3333333333
    },
    "('queue_size_max', 'std')":{
        "total":31.4207633233
    },
    "('queue_size_max', 'max')":{
        "total":369
    }
}

{
    "('utilization_mean', 'mean')":{
        "Single_Queue":0.8405016999
    },
    "('utilization_mean', 'std')":{
        "Single_Queue":0.0045493318
    },
    "('utilization_mean', 'median')":{
        "Single_Queue":0.8402224855
    },
    "('utilization_max', 'mean')":{
        "Single_Queue":1.1193617082
    },
    "('utilization_max', 'std')":{
        "Single_Queue":0.0153651439
    },
    "('utilization_max', 'max')":{
        "Single_Queue":1.1470930279
    }
}