{
    "Stage_1\/2":{
        "count_mean":2236.1666666667,
        "count_std":54.8056650315,
        "count_max":2319.0,
        "count_min":2115.0,
        "count_median":2234.0,
        "percentage_of_total_scans_mean":3.463940527,
        "percentage_of_total_scans_std":0.0835076094,
        "percentage_of_total_scans_max":3.630755742,
        "percentage_of_total_scans_min":3.2891667444,
        "percentage_of_total_scans_median":3.4643972777,
        "percentage_of_positive_biopsies_mean":63.8814530777,
        "percentage_of_positive_biopsies_std":0.8355131712,
        "percentage_of_positive_biopsies_max":65.7673860911,
        "percentage_of_positive_biopsies_min":62.7782724844,
        "percentage_of_positive_biopsies_median":63.8039517943
    },
    "Stage_3\/4":{
        "count_mean":1264.2666666667,
        "count_std":36.9668381991,
        "count_max":1345.0,
        "count_min":1142.0,
        "count_median":1267.5,
        "percentage_of_total_scans_mean":1.9583267031,
        "percentage_of_total_scans_std":0.0534612607,
        "percentage_of_total_scans_max":2.0603553922,
        "percentage_of_total_scans_min":1.7900528238,
        "percentage_of_total_scans_median":1.9635955619,
        "percentage_of_positive_biopsies_mean":36.1185469223,
        "percentage_of_positive_biopsies_std":0.8355131712,
        "percentage_of_positive_biopsies_max":37.2217275156,
        "percentage_of_positive_biopsies_min":34.2326139089,
        "percentage_of_positive_biopsies_median":36.1960482057
    }
}

{
    "in_queue_mean":{
        "max":null,
        "mean":240.4158643303,
        "median":240.3873722408,
        "std":3.7070585268
    },
    "in_queue_max":{
        "max":329.4734920313,
        "mean":320.365242193,
        "median":null,
        "std":5.1069069907
    },
    "in_system_mean":{
        "max":null,
        "mean":240.4262706824,
        "median":240.3977962093,
        "std":3.7070881171
    },
    "in_system_max":{
        "max":329.4843864546,
        "mean":320.3853487764,
        "median":null,
        "std":5.1034627041
    },
    "service_time_mean":{
        "max":null,
        "mean":14.9851470184,
        "median":14.9984230399,
        "std":0.0639367409
    }
}

{
    "id_total_unique_arrivals":{
        "mean":68200.3,
        "std":277.7282410236,
        "max":68792.0,
        "min":67629.0,
        "median":68207.0
    },
    "id_total_patients_returned_to_queue":{
        "mean":91744.9,
        "std":303.4900839146,
        "max":92235.0,
        "min":91186.0,
        "median":91739.0
    },
    "id_total_patients_served":{
        "mean":64757.6333333333,
        "std":425.0168745805,
        "max":65533.0,
        "min":63967.0,
        "median":64680.0
    }
}

{
    "('queue_size_mean', 'mean')":{
        "total":19282.6890740741
    },
    "('queue_size_mean', 'std')":{
        "total":285.8548570299
    },
    "('queue_size_mean', 'median')":{
        "total":19283.137962963
    },
    "('queue_size_max', 'mean')":{
        "total":27071.5666666667
    },
    "('queue_size_max', 'std')":{
        "total":427.7349875101
    },
    "('queue_size_max', 'max')":{
        "total":27874
    }
}

{
    "('utilization_mean', 'mean')":{
        "Single_Queue":1.0277633838
    },
    "('utilization_mean', 'std')":{
        "Single_Queue":0.000581118
    },
    "('utilization_mean', 'median')":{
        "Single_Queue":1.0278468062
    },
    "('utilization_max', 'mean')":{
        "Single_Queue":1.1168436912
    },
    "('utilization_max', 'std')":{
        "Single_Queue":0.0141192738
    },
    "('utilization_max', 'max')":{
        "Single_Queue":1.1733535392
    }
}