{
    "Stage_1\/2":{
        "count_mean":1326.4666666667,
        "count_std":34.6158557783,
        "count_max":1400.0,
        "count_min":1253.0,
        "count_median":1317.0,
        "percentage_of_total_scans_mean":5.4103661576,
        "percentage_of_total_scans_std":0.1448933722,
        "percentage_of_total_scans_max":5.6977737984,
        "percentage_of_total_scans_min":5.048551513,
        "percentage_of_total_scans_median":5.3906950796,
        "percentage_of_positive_biopsies_mean":69.9871038572,
        "percentage_of_positive_biopsies_std":1.0180025096,
        "percentage_of_positive_biopsies_max":72.461456672,
        "percentage_of_positive_biopsies_min":67.5392670157,
        "percentage_of_positive_biopsies_median":69.8911837021
    },
    "Stage_3\/4":{
        "count_mean":568.8,
        "count_std":21.9236921129,
        "count_max":620.0,
        "count_min":518.0,
        "count_median":569.5,
        "percentage_of_total_scans_mean":2.3198708669,
        "percentage_of_total_scans_std":0.086834912,
        "percentage_of_total_scans_max":2.5111381126,
        "percentage_of_total_scans_min":2.1354607357,
        "percentage_of_total_scans_median":2.3246392138,
        "percentage_of_positive_biopsies_mean":30.0128961428,
        "percentage_of_positive_biopsies_std":1.0180025096,
        "percentage_of_positive_biopsies_max":32.4607329843,
        "percentage_of_positive_biopsies_min":27.538543328,
        "percentage_of_positive_biopsies_median":30.1088162979
    }
}

{
    "in_queue_mean":{
        "mean":1.8808160604,
        "std":0.2519127905,
        "median":1.8475215902,
        "max":null
    },
    "in_queue_max":{
        "mean":6.0128573917,
        "std":1.1629824036,
        "median":null,
        "max":8.364998809
    },
    "in_system_mean":{
        "mean":1.8912270605,
        "std":0.251941182,
        "median":1.8578764114,
        "max":null
    },
    "in_system_max":{
        "mean":6.0244420229,
        "std":1.1619849954,
        "median":null,
        "max":8.3658913588
    },
    "service_time_mean":{
        "mean":14.9918401013,
        "std":0.0857943903,
        "median":14.9938840819,
        "max":null
    }
}

{
    "('id', 'total_unique_arrivals')":{
        "mean":13740.8333333333,
        "std":75.0296876109,
        "max":13882.0,
        "min":13588.0,
        "median":13747.5
    },
    "('id', 'total_patients_returned_to_queue')":{
        "mean":24517.9666666667,
        "std":133.7360971397,
        "max":24862.0,
        "min":24253.0,
        "median":24502.5
    }
}

{
    "('queue_size_mean', 'mean')":{
        "total":38.769537037
    },
    "('queue_size_mean', 'std')":{
        "total":5.8526536128
    },
    "('queue_size_mean', 'median')":{
        "total":37.9541666667
    },
    "('queue_size_max', 'mean')":{
        "total":131.5
    },
    "('queue_size_max', 'std')":{
        "total":20.2241746773
    },
    "('queue_size_max', 'max')":{
        "total":189
    }
}

{
    "('utilization_mean', 'mean')":{
        "Single_Queue":0.8406983435
    },
    "('utilization_mean', 'std')":{
        "Single_Queue":0.005175223
    },
    "('utilization_mean', 'median')":{
        "Single_Queue":0.8400603676
    },
    "('utilization_max', 'mean')":{
        "Single_Queue":1.2264225375
    },
    "('utilization_max', 'std')":{
        "Single_Queue":0.0469206582
    },
    "('utilization_max', 'max')":{
        "Single_Queue":1.3549117239
    }
}