{
    "Stage_1\/2":{
        "count_mean":1993.8666666667,
        "count_std":44.2927045704,
        "count_max":2080.0,
        "count_min":1862.0,
        "count_median":2003.0,
        "percentage_of_total_scans_mean":3.2911566521,
        "percentage_of_total_scans_std":0.067816635,
        "percentage_of_total_scans_max":3.4269144589,
        "percentage_of_total_scans_min":3.0867165095,
        "percentage_of_total_scans_median":3.2931768041,
        "percentage_of_positive_biopsies_mean":60.9190397326,
        "percentage_of_positive_biopsies_std":0.8148927466,
        "percentage_of_positive_biopsies_max":62.8588697492,
        "percentage_of_positive_biopsies_min":59.4128908743,
        "percentage_of_positive_biopsies_median":60.9266399947
    },
    "Stage_3\/4":{
        "count_mean":1279.0,
        "count_std":30.6841529357,
        "count_max":1336.0,
        "count_min":1205.0,
        "count_median":1275.5,
        "percentage_of_total_scans_mean":2.1112831148,
        "percentage_of_total_scans_std":0.0523068671,
        "percentage_of_total_scans_max":2.2026213832,
        "percentage_of_total_scans_min":1.9761873524,
        "percentage_of_total_scans_median":2.114660854,
        "percentage_of_positive_biopsies_mean":39.0809602674,
        "percentage_of_positive_biopsies_std":0.8148927466,
        "percentage_of_positive_biopsies_max":40.5871091257,
        "percentage_of_positive_biopsies_min":37.1411302508,
        "percentage_of_positive_biopsies_median":39.0733600053
    }
}

{
    "in_queue_mean":{
        "mean":311.2491830681,
        "std":3.7984078986,
        "median":312.0969244292,
        "max":null
    },
    "in_queue_max":{
        "mean":405.7559415656,
        "std":4.416155849,
        "median":null,
        "max":412.6971415257
    },
    "in_system_mean":{
        "mean":311.2596016273,
        "std":3.7984245441,
        "median":312.1073057493,
        "max":null
    },
    "in_system_max":{
        "mean":405.7778473407,
        "std":4.4195590486,
        "median":null,
        "max":412.7151925704
    },
    "service_time_mean":{
        "mean":15.002725261,
        "std":0.0576474553,
        "median":15.0082959867,
        "max":null
    }
}

{
    "('id', 'total_unique_arrivals')":{
        "mean":54949.2333333333,
        "std":151.2102175286,
        "max":55257.0,
        "min":54709.0,
        "median":54926.0
    },
    "('id', 'total_patients_returned_to_queue')":{
        "mean":60581.5666666667,
        "std":366.5865549892,
        "max":61422.0,
        "min":60062.0,
        "median":60491.5
    }
}

{
    "('queue_size_mean', 'mean')":{
        "total":25916.5256172839
    },
    "('queue_size_mean', 'std')":{
        "total":299.799290489
    },
    "('queue_size_mean', 'median')":{
        "total":25965.3449074074
    },
    "('queue_size_max', 'mean')":{
        "total":36461.0333333333
    },
    "('queue_size_max', 'std')":{
        "total":422.1328017329
    },
    "('queue_size_max', 'max')":{
        "total":37235
    }
}

{
    "('utilization_mean', 'mean')":{
        "Single_Queue":0.9868654229
    },
    "('utilization_mean', 'std')":{
        "Single_Queue":0.0015956389
    },
    "('utilization_mean', 'median')":{
        "Single_Queue":0.9867929012
    },
    "('utilization_max', 'mean')":{
        "Single_Queue":1.1247985266
    },
    "('utilization_max', 'std')":{
        "Single_Queue":0.0133002102
    },
    "('utilization_max', 'max')":{
        "Single_Queue":1.146032416
    }
}