{
    "Stage_1\/2":{
        "count_mean":2837.6666666667,
        "count_std":57.210038505,
        "count_max":2937.0,
        "count_min":2750.0,
        "count_median":2831.5,
        "percentage_of_total_scans_mean":3.7654045021,
        "percentage_of_total_scans_std":0.0733304902,
        "percentage_of_total_scans_max":3.9186124083,
        "percentage_of_total_scans_min":3.6511371633,
        "percentage_of_total_scans_median":3.7525145936,
        "percentage_of_positive_biopsies_mean":69.9931199736,
        "percentage_of_positive_biopsies_std":0.7065348169,
        "percentage_of_positive_biopsies_max":71.4993804213,
        "percentage_of_positive_biopsies_min":68.263618677,
        "percentage_of_positive_biopsies_median":69.9203556687
    },
    "Stage_3\/4":{
        "count_mean":1216.4,
        "count_std":30.3003357214,
        "count_max":1305.0,
        "count_min":1150.0,
        "count_median":1223.5,
        "percentage_of_total_scans_mean":1.6141192471,
        "percentage_of_total_scans_std":0.0406062896,
        "percentage_of_total_scans_max":1.7244113217,
        "percentage_of_total_scans_min":1.5216068168,
        "percentage_of_total_scans_median":1.6201337026,
        "percentage_of_positive_biopsies_mean":30.0068800264,
        "percentage_of_positive_biopsies_std":0.7065348169,
        "percentage_of_positive_biopsies_max":31.736381323,
        "percentage_of_positive_biopsies_min":28.5006195787,
        "percentage_of_positive_biopsies_median":30.0796443313
    }
}

{
    "in_queue_mean":{
        "mean":2.1575677349,
        "std":0.3140320462,
        "median":2.1109621652,
        "max":null
    },
    "in_queue_max":{
        "mean":5.779660581,
        "std":0.9502485415,
        "median":null,
        "max":7.9771048174
    },
    "in_system_mean":{
        "mean":2.1679820218,
        "std":0.3140450992,
        "median":2.1213829648,
        "max":null
    },
    "in_system_max":{
        "mean":5.7970449698,
        "std":0.952071456,
        "median":null,
        "max":7.9872780113
    },
    "service_time_mean":{
        "mean":14.9965731212,
        "std":0.0427555669,
        "median":14.9970466228,
        "max":null
    }
}

{
    "('id', 'total_unique_arrivals')":{
        "mean":47857.5666666667,
        "std":256.3144194328,
        "max":48264.0,
        "min":47016.0,
        "median":47825.0
    },
    "('id', 'total_patients_returned_to_queue')":{
        "mean":75361.4666666667,
        "std":384.8232673922,
        "max":76020.0,
        "min":74262.0,
        "median":75364.5
    }
}

{
    "('queue_size_mean', 'mean')":{
        "total":134.2442901235
    },
    "('queue_size_mean', 'std')":{
        "total":22.3433220797
    },
    "('queue_size_mean', 'median')":{
        "total":130.8921296296
    },
    "('queue_size_max', 'mean')":{
        "total":374.3666666667
    },
    "('queue_size_max', 'std')":{
        "total":56.9364336016
    },
    "('queue_size_max', 'max')":{
        "total":554
    }
}

{
    "('utilization_mean', 'mean')":{
        "Single_Queue":0.9288634873
    },
    "('utilization_mean', 'std')":{
        "Single_Queue":0.0043996469
    },
    "('utilization_mean', 'median')":{
        "Single_Queue":0.9297619066
    },
    "('utilization_max', 'mean')":{
        "Single_Queue":1.1231360235
    },
    "('utilization_max', 'std')":{
        "Single_Queue":0.0154089355
    },
    "('utilization_max', 'max')":{
        "Single_Queue":1.1651603589
    }
}