{
    "Stage_1\/2":{
        "count_mean":2688.0666666667,
        "count_std":57.0202222648,
        "count_max":2812.0,
        "count_min":2586.0,
        "count_median":2688.5,
        "percentage_of_total_scans_mean":3.7907652841,
        "percentage_of_total_scans_std":0.080450889,
        "percentage_of_total_scans_max":3.9373982013,
        "percentage_of_total_scans_min":3.6514593129,
        "percentage_of_total_scans_median":3.7899409068,
        "percentage_of_positive_biopsies_mean":69.9579377908,
        "percentage_of_positive_biopsies_std":0.7915467698,
        "percentage_of_positive_biopsies_max":71.3369258404,
        "percentage_of_positive_biopsies_min":67.945706082,
        "percentage_of_positive_biopsies_median":70.070909703
    },
    "Stage_3\/4":{
        "count_mean":1154.2333333333,
        "count_std":33.276981102,
        "count_max":1228.0,
        "count_min":1111.0,
        "count_median":1151.0,
        "percentage_of_total_scans_mean":1.6277057503,
        "percentage_of_total_scans_std":0.0463621946,
        "percentage_of_total_scans_max":1.7330190943,
        "percentage_of_total_scans_min":1.5584233413,
        "percentage_of_total_scans_median":1.622224827,
        "percentage_of_positive_biopsies_mean":30.0420622092,
        "percentage_of_positive_biopsies_std":0.7915467698,
        "percentage_of_positive_biopsies_max":32.054293918,
        "percentage_of_positive_biopsies_min":28.6630741596,
        "percentage_of_positive_biopsies_median":29.929090297
    }
}

{
    "in_queue_mean":{
        "mean":122.5949254042,
        "std":3.5346367472,
        "median":122.482500252,
        "max":null
    },
    "in_queue_max":{
        "mean":168.7372376067,
        "std":4.8720070648,
        "median":null,
        "max":181.8599251055
    },
    "in_system_mean":{
        "mean":122.6053473522,
        "std":3.5346545214,
        "median":122.4929199529,
        "max":null
    },
    "in_system_max":{
        "mean":168.7543345443,
        "std":4.8719210616,
        "median":null,
        "max":181.8765394803
    },
    "service_time_mean":{
        "mean":15.0076052258,
        "std":0.058432133,
        "median":15.0222289529,
        "max":null
    }
}

{
    "('id', 'total_unique_arrivals')":{
        "mean":51160.9666666667,
        "std":159.129416716,
        "max":51580.0,
        "min":50796.0,
        "median":51157.0
    },
    "('id', 'total_patients_returned_to_queue')":{
        "mean":70911.5333333333,
        "std":285.7111796219,
        "max":71711.0,
        "min":70438.0,
        "median":70848.5
    }
}

{
    "('queue_size_mean', 'mean')":{
        "total":9228.4892901235
    },
    "('queue_size_mean', 'std')":{
        "total":261.6613428177
    },
    "('queue_size_mean', 'median')":{
        "total":9231.3532407407
    },
    "('queue_size_max', 'mean')":{
        "total":13060.8333333333
    },
    "('queue_size_max', 'std')":{
        "total":369.549407208
    },
    "('queue_size_max', 'max')":{
        "total":14024
    }
}

{
    "('utilization_mean', 'mean')":{
        "Single_Queue":0.9600915852
    },
    "('utilization_mean', 'std')":{
        "Single_Queue":0.0010143723
    },
    "('utilization_mean', 'median')":{
        "Single_Queue":0.9602245985
    },
    "('utilization_max', 'mean')":{
        "Single_Queue":1.1270994789
    },
    "('utilization_max', 'std')":{
        "Single_Queue":0.0211360148
    },
    "('utilization_max', 'max')":{
        "Single_Queue":1.2109284524
    }
}