{
    "Stage_1\/2":{
        "count_mean":1182.8333333333,
        "count_std":33.4850283924,
        "count_max":1272.0,
        "count_min":1134.0,
        "count_median":1185.5,
        "percentage_of_total_scans_mean":5.1775406779,
        "percentage_of_total_scans_std":0.1300332433,
        "percentage_of_total_scans_max":5.5170020819,
        "percentage_of_total_scans_min":4.9684542587,
        "percentage_of_total_scans_median":5.1792511364,
        "percentage_of_positive_biopsies_mean":66.9446243139,
        "percentage_of_positive_biopsies_std":1.1163242702,
        "percentage_of_positive_biopsies_max":69.5462001093,
        "percentage_of_positive_biopsies_min":64.9496080627,
        "percentage_of_positive_biopsies_median":66.7343445342
    },
    "Stage_3\/4":{
        "count_mean":584.0333333333,
        "count_std":23.3644045997,
        "count_max":626.0,
        "count_min":542.0,
        "count_median":588.5,
        "percentage_of_total_scans_mean":2.5567118056,
        "percentage_of_total_scans_std":0.1035355877,
        "percentage_of_total_scans_max":2.7585599083,
        "percentage_of_total_scans_min":2.3542649414,
        "percentage_of_total_scans_median":2.563882028,
        "percentage_of_positive_biopsies_mean":33.0553756861,
        "percentage_of_positive_biopsies_std":1.1163242702,
        "percentage_of_positive_biopsies_max":35.0503919373,
        "percentage_of_positive_biopsies_min":30.4537998907,
        "percentage_of_positive_biopsies_median":33.2656554658
    }
}

{
    "in_queue_mean":{
        "mean":172.448236615,
        "std":4.25972252,
        "median":172.7403337231,
        "max":null
    },
    "in_queue_max":{
        "mean":234.3810624167,
        "std":6.2591812425,
        "median":null,
        "max":244.8518044959
    },
    "in_system_mean":{
        "mean":172.4586481493,
        "std":4.2597558221,
        "median":172.7507986636,
        "max":null
    },
    "in_system_max":{
        "mean":234.3885028683,
        "std":6.2588205761,
        "median":null,
        "max":244.8577426516
    },
    "service_time_mean":{
        "mean":14.9926094162,
        "std":0.0977948156,
        "median":14.9885452525,
        "max":null
    }
}

{
    "('id', 'total_unique_arrivals')":{
        "mean":16589.8,
        "std":72.2831596737,
        "max":16715.0,
        "min":16476.0,
        "median":16604.5
    },
    "('id', 'total_patients_returned_to_queue')":{
        "mean":22844.4666666667,
        "std":197.2405731034,
        "max":23386.0,
        "min":22467.0,
        "median":22822.0
    }
}

{
    "('queue_size_mean', 'mean')":{
        "total":4463.3484259259
    },
    "('queue_size_mean', 'std')":{
        "total":99.2724508111
    },
    "('queue_size_mean', 'median')":{
        "total":4468.7324074074
    },
    "('queue_size_max', 'mean')":{
        "total":6412.5333333333
    },
    "('queue_size_max', 'std')":{
        "total":145.7382474905
    },
    "('queue_size_max', 'max')":{
        "total":6639
    }
}

{
    "('utilization_mean', 'mean')":{
        "Single_Queue":0.941820003
    },
    "('utilization_mean', 'std')":{
        "Single_Queue":0.0020807268
    },
    "('utilization_mean', 'median')":{
        "Single_Queue":0.9410139101
    },
    "('utilization_max', 'mean')":{
        "Single_Queue":1.2561457322
    },
    "('utilization_max', 'std')":{
        "Single_Queue":0.0464667521
    },
    "('utilization_max', 'max')":{
        "Single_Queue":1.4070795456
    }
}