{
    "Stage_1\/2":{
        "count_mean":2694.8666666667,
        "count_std":63.0159986984,
        "count_max":2861.0,
        "count_min":2583.0,
        "count_median":2683.5,
        "percentage_of_total_scans_mean":3.8002257401,
        "percentage_of_total_scans_std":0.0875545021,
        "percentage_of_total_scans_max":4.0104852954,
        "percentage_of_total_scans_min":3.6705982663,
        "percentage_of_total_scans_median":3.7879805365,
        "percentage_of_positive_biopsies_mean":70.3783576954,
        "percentage_of_positive_biopsies_std":0.9917761281,
        "percentage_of_positive_biopsies_max":72.3749672689,
        "percentage_of_positive_biopsies_min":68.3791420498,
        "percentage_of_positive_biopsies_median":70.4352806685
    },
    "Stage_3\/4":{
        "count_mean":1134.1666666667,
        "count_std":41.2996479348,
        "count_max":1231.0,
        "count_min":1055.0,
        "count_median":1139.0,
        "percentage_of_total_scans_mean":1.5994299287,
        "percentage_of_total_scans_std":0.0594773416,
        "percentage_of_total_scans_max":1.731900166,
        "percentage_of_total_scans_min":1.4789342727,
        "percentage_of_total_scans_median":1.6059149636,
        "percentage_of_positive_biopsies_mean":29.6216423046,
        "percentage_of_positive_biopsies_std":0.9917761281,
        "percentage_of_positive_biopsies_max":31.6208579502,
        "percentage_of_positive_biopsies_min":27.6250327311,
        "percentage_of_positive_biopsies_median":29.5647193315
    }
}

{
    "in_queue_mean":{
        "mean":122.7520893796,
        "std":4.3351032618,
        "median":124.1634327884,
        "max":null
    },
    "in_queue_max":{
        "mean":167.7196669823,
        "std":6.0236466789,
        "median":null,
        "max":178.4753793324
    },
    "in_system_mean":{
        "mean":122.762495431,
        "std":4.3351186058,
        "median":124.1738797441,
        "max":null
    },
    "in_system_max":{
        "mean":167.7383366018,
        "std":6.0239737662,
        "median":null,
        "max":178.4786476299
    },
    "service_time_mean":{
        "mean":14.9847139312,
        "std":0.0583149306,
        "median":14.9759063332,
        "max":null
    }
}

{
    "('id', 'total_unique_arrivals')":{
        "mean":51140.5666666667,
        "std":173.2269158295,
        "max":51465.0,
        "min":50908.0,
        "median":51125.0
    },
    "('id', 'total_patients_returned_to_queue')":{
        "mean":70914.0333333333,
        "std":435.2307737704,
        "max":71881.0,
        "min":70245.0,
        "median":70950.0
    }
}

{
    "('queue_size_mean', 'mean')":{
        "total":9229.6880555556
    },
    "('queue_size_mean', 'std')":{
        "total":326.4520120781
    },
    "('queue_size_mean', 'median')":{
        "total":9327.3453703704
    },
    "('queue_size_max', 'mean')":{
        "total":12950.2666666667
    },
    "('queue_size_max', 'std')":{
        "total":454.3487141205
    },
    "('queue_size_max', 'max')":{
        "total":13843
    }
}

{
    "('utilization_mean', 'mean')":{
        "Single_Queue":0.9605579825
    },
    "('utilization_mean', 'std')":{
        "Single_Queue":0.0014013274
    },
    "('utilization_mean', 'median')":{
        "Single_Queue":0.9608504821
    },
    "('utilization_max', 'mean')":{
        "Single_Queue":1.125226919
    },
    "('utilization_max', 'std')":{
        "Single_Queue":0.0157708878
    },
    "('utilization_max', 'max')":{
        "Single_Queue":1.1747863878
    }
}