{
    "Stage_1\/2":{
        "count_mean":2757.3,
        "count_std":53.8299685792,
        "count_max":2859.0,
        "count_min":2656.0,
        "count_median":2764.5,
        "percentage_of_total_scans_mean":3.7904763475,
        "percentage_of_total_scans_std":0.0736631844,
        "percentage_of_total_scans_max":3.9451896009,
        "percentage_of_total_scans_min":3.6546581126,
        "percentage_of_total_scans_median":3.7956435917,
        "percentage_of_positive_biopsies_mean":69.9080925289,
        "percentage_of_positive_biopsies_std":0.876297356,
        "percentage_of_positive_biopsies_max":71.3742393509,
        "percentage_of_positive_biopsies_min":68.1784014032,
        "percentage_of_positive_biopsies_median":70.1117050597
    },
    "Stage_3\/4":{
        "count_mean":1187.0,
        "count_std":42.7301072894,
        "count_max":1286.0,
        "count_min":1129.0,
        "count_median":1179.0,
        "percentage_of_total_scans_mean":1.6317294897,
        "percentage_of_total_scans_std":0.0573314503,
        "percentage_of_total_scans_max":1.7596851965,
        "percentage_of_total_scans_min":1.5514616113,
        "percentage_of_total_scans_median":1.6196990539,
        "percentage_of_positive_biopsies_mean":30.0919074711,
        "percentage_of_positive_biopsies_std":0.876297356,
        "percentage_of_positive_biopsies_max":31.8215985968,
        "percentage_of_positive_biopsies_min":28.6257606491,
        "percentage_of_positive_biopsies_median":29.8882949403
    }
}

{
    "in_queue_mean":{
        "max":null,
        "mean":80.0742277676,
        "median":80.0754272519,
        "std":4.5232247427
    },
    "in_queue_max":{
        "max":123.7432597953,
        "mean":112.2965304773,
        "median":null,
        "std":5.7265803728
    },
    "in_system_mean":{
        "max":null,
        "mean":80.0846462863,
        "median":80.085837043,
        "std":4.5232327728
    },
    "in_system_max":{
        "max":123.7594326972,
        "mean":112.3170246222,
        "median":null,
        "std":5.7228669549
    },
    "service_time_mean":{
        "max":null,
        "mean":15.0026668898,
        "median":15.0131697708,
        "std":0.046528121
    }
}

{
    "id_total_unique_arrivals":{
        "mean":54445.9,
        "std":279.8638030826,
        "max":54941.0,
        "min":53777.0,
        "median":54432.5
    },
    "id_total_patients_returned_to_queue":{
        "mean":81242.0,
        "std":301.2139805337,
        "max":81739.0,
        "min":80501.0,
        "median":81244.5
    },
    "id_total_patients_served":{
        "mean":72970.6666666667,
        "std":406.7888830859,
        "max":73896.0,
        "min":72356.0,
        "median":72983.5
    }
}

{
    "('queue_size_mean', 'mean')":{
        "total":5892.2272222222
    },
    "('queue_size_mean', 'std')":{
        "total":332.9471587085
    },
    "('queue_size_mean', 'median')":{
        "total":5877.1111111111
    },
    "('queue_size_max', 'mean')":{
        "total":8406.8
    },
    "('queue_size_max', 'std')":{
        "total":436.8387534912
    },
    "('queue_size_max', 'max')":{
        "total":9308
    }
}

{
    "('utilization_mean', 'mean')":{
        "Single_Queue":1.0281732472
    },
    "('utilization_mean', 'std')":{
        "Single_Queue":0.0005618682
    },
    "('utilization_mean', 'median')":{
        "Single_Queue":1.0281026114
    },
    "('utilization_max', 'mean')":{
        "Single_Queue":1.1133779282
    },
    "('utilization_max', 'std')":{
        "Single_Queue":0.0114801201
    },
    "('utilization_max', 'max')":{
        "Single_Queue":1.1374540283
    }
}