{
    "Stage_1\/2":{
        "count_mean":2519.2333333333,
        "count_std":49.5898232979,
        "count_max":2659.0,
        "count_min":2441.0,
        "count_median":2520.5,
        "percentage_of_total_scans_mean":3.800903163,
        "percentage_of_total_scans_std":0.0716201165,
        "percentage_of_total_scans_max":3.9886595464,
        "percentage_of_total_scans_min":3.6863645287,
        "percentage_of_total_scans_median":3.7962256645,
        "percentage_of_positive_biopsies_mean":70.072415651,
        "percentage_of_positive_biopsies_std":0.8069034433,
        "percentage_of_positive_biopsies_max":71.6455696203,
        "percentage_of_positive_biopsies_min":68.4445685563,
        "percentage_of_positive_biopsies_median":70.1624485553
    },
    "Stage_3\/4":{
        "count_mean":1075.8666666667,
        "count_std":30.6253594865,
        "count_max":1130.0,
        "count_min":1008.0,
        "count_median":1080.5,
        "percentage_of_total_scans_mean":1.6232502335,
        "percentage_of_total_scans_std":0.0464612094,
        "percentage_of_total_scans_max":1.7016022166,
        "percentage_of_total_scans_min":1.5189186746,
        "percentage_of_total_scans_median":1.6313002001,
        "percentage_of_positive_biopsies_mean":29.927584349,
        "percentage_of_positive_biopsies_std":0.8069034433,
        "percentage_of_positive_biopsies_max":31.5554314437,
        "percentage_of_positive_biopsies_min":28.3544303797,
        "percentage_of_positive_biopsies_median":29.8375514447
    }
}

{
    "in_queue_mean":{
        "max":null,
        "mean":1.1906898352,
        "median":1.1899629902,
        "std":0.0152078279
    },
    "in_queue_max":{
        "max":3.3637627601,
        "mean":2.8756408368,
        "median":null,
        "std":0.1039350979
    },
    "in_system_mean":{
        "max":null,
        "mean":1.2011035739,
        "median":1.2003743588,
        "std":0.0152153395
    },
    "in_system_max":{
        "max":3.3728150725,
        "mean":2.8918957958,
        "median":null,
        "std":0.1035002159
    },
    "service_time_mean":{
        "max":null,
        "mean":14.9957836844,
        "median":14.9958650828,
        "std":0.0379959361
    }
}

{
    "id_total_unique_arrivals":{
        "mean":42197.4,
        "std":160.5315738629,
        "max":42511.0,
        "min":41933.0,
        "median":42187.0
    },
    "id_total_patients_returned_to_queue":{
        "mean":66483.5,
        "std":271.0131374854,
        "max":66975.0,
        "min":65840.0,
        "median":66475.5
    },
    "id_total_patients_served":{
        "mean":66480.5,
        "std":271.2772789398,
        "max":66970.0,
        "min":65836.0,
        "median":66464.0
    }
}

{
    "('queue_size_mean', 'mean')":{
        "total":58.5926851852
    },
    "('queue_size_mean', 'std')":{
        "total":1.1293642872
    },
    "('queue_size_mean', 'median')":{
        "total":58.5467592593
    },
    "('queue_size_max', 'mean')":{
        "total":190.6333333333
    },
    "('queue_size_max', 'std')":{
        "total":5.8219758071
    },
    "('queue_size_max', 'max')":{
        "total":207
    }
}

{
    "('utilization_mean', 'mean')":{
        "Single_Queue":0.894615189
    },
    "('utilization_mean', 'std')":{
        "Single_Queue":0.0050948327
    },
    "('utilization_mean', 'median')":{
        "Single_Queue":0.8947194411
    },
    "('utilization_max', 'mean')":{
        "Single_Queue":1.1066333745
    },
    "('utilization_max', 'std')":{
        "Single_Queue":0.014498436
    },
    "('utilization_max', 'max')":{
        "Single_Queue":1.1461701146
    }
}