{
    "Stage_1\/2":{
        "count_mean":2841.1666666667,
        "count_std":54.2084630963,
        "count_max":2940.0,
        "count_min":2745.0,
        "count_median":2849.0,
        "percentage_of_total_scans_mean":3.7871109642,
        "percentage_of_total_scans_std":0.0692869997,
        "percentage_of_total_scans_max":3.9314799214,
        "percentage_of_total_scans_min":3.6527918241,
        "percentage_of_total_scans_median":3.7909902807,
        "percentage_of_positive_biopsies_mean":69.8369152404,
        "percentage_of_positive_biopsies_std":0.9704227915,
        "percentage_of_positive_biopsies_max":71.7504332756,
        "percentage_of_positive_biopsies_min":67.0310981535,
        "percentage_of_positive_biopsies_median":69.8314376957
    },
    "Stage_3\/4":{
        "count_mean":1227.3333333333,
        "count_std":48.7324386288,
        "count_max":1357.0,
        "count_min":1141.0,
        "count_median":1219.0,
        "percentage_of_total_scans_mean":1.6359068396,
        "percentage_of_total_scans_std":0.0627740038,
        "percentage_of_total_scans_max":1.812620218,
        "percentage_of_total_scans_min":1.5138046781,
        "percentage_of_total_scans_median":1.6265046397,
        "percentage_of_positive_biopsies_mean":30.1630847596,
        "percentage_of_positive_biopsies_std":0.9704227915,
        "percentage_of_positive_biopsies_max":32.9689018465,
        "percentage_of_positive_biopsies_min":28.2495667244,
        "percentage_of_positive_biopsies_median":30.1685623043
    }
}

{
    "in_queue_mean":{
        "max":null,
        "mean":2.6095063772,
        "median":2.3486457229,
        "std":0.593167622
    },
    "in_queue_max":{
        "max":11.6786775229,
        "mean":6.4529433941,
        "median":null,
        "std":1.3520675917
    },
    "in_system_mean":{
        "max":null,
        "mean":2.619915477,
        "median":2.3590388455,
        "std":0.5931852219
    },
    "in_system_max":{
        "max":11.6969115922,
        "mean":6.4738394954,
        "median":null,
        "std":1.3503605218
    },
    "service_time_mean":{
        "max":null,
        "mean":14.9891036393,
        "median":14.9859358718,
        "std":0.0496102514
    }
}

{
    "id_total_unique_arrivals":{
        "mean":43226.6,
        "std":219.7603082985,
        "max":43593.0,
        "min":42756.0,
        "median":43219.5
    },
    "id_total_patients_returned_to_queue":{
        "mean":75385.2333333333,
        "std":360.7231896347,
        "max":76107.0,
        "min":74689.0,
        "median":75422.5
    },
    "id_total_patients_served":{
        "mean":75249.2333333333,
        "std":332.1285255308,
        "max":75848.0,
        "min":74566.0,
        "median":75318.5
    }
}

{
    "('queue_size_mean', 'mean')":{
        "total":166.0144753086
    },
    "('queue_size_mean', 'std')":{
        "total":42.2210310886
    },
    "('queue_size_mean', 'median')":{
        "total":148.0847222222
    },
    "('queue_size_max', 'mean')":{
        "total":399.3
    },
    "('queue_size_max', 'std')":{
        "total":96.8935249251
    },
    "('queue_size_max', 'max')":{
        "total":714
    }
}

{
    "('utilization_mean', 'mean')":{
        "Single_Queue":1.0143741352
    },
    "('utilization_mean', 'std')":{
        "Single_Queue":0.0065947892
    },
    "('utilization_mean', 'median')":{
        "Single_Queue":1.014294934
    },
    "('utilization_max', 'mean')":{
        "Single_Queue":1.1143786609
    },
    "('utilization_max', 'std')":{
        "Single_Queue":0.0114755259
    },
    "('utilization_max', 'max')":{
        "Single_Queue":1.1375960969
    }
}

