{
    "Stage_1\/2":{
        "count_mean":4102.1333333333,
        "count_std":45.541745407,
        "count_max":4231.0,
        "count_min":4014.0,
        "count_median":4109.0,
        "percentage_of_total_scans_mean":5.4223754194,
        "percentage_of_total_scans_std":0.0550332925,
        "percentage_of_total_scans_max":5.5678378734,
        "percentage_of_total_scans_min":5.3154744641,
        "percentage_of_total_scans_median":5.4279400948,
        "percentage_of_positive_biopsies_mean":69.9708278833,
        "percentage_of_positive_biopsies_std":0.6188854372,
        "percentage_of_positive_biopsies_max":71.159820504,
        "percentage_of_positive_biopsies_min":68.6994609164,
        "percentage_of_positive_biopsies_median":70.1126385096
    },
    "Stage_3\/4":{
        "count_mean":1760.7333333333,
        "count_std":48.0667160871,
        "count_max":1872.0,
        "count_min":1671.0,
        "count_median":1761.0,
        "percentage_of_total_scans_mean":2.3274517645,
        "percentage_of_total_scans_std":0.0642278342,
        "percentage_of_total_scans_max":2.4810146714,
        "percentage_of_total_scans_min":2.2058823529,
        "percentage_of_total_scans_median":2.3287498313,
        "percentage_of_positive_biopsies_mean":30.0291721167,
        "percentage_of_positive_biopsies_std":0.6188854372,
        "percentage_of_positive_biopsies_max":31.3005390836,
        "percentage_of_positive_biopsies_min":28.840179496,
        "percentage_of_positive_biopsies_median":29.8873614904
    }
}

{
    "in_queue_mean":{
        "mean":56.7015144588,
        "std":1.173689106,
        "median":56.4734071319,
        "max":null
    },
    "in_queue_max":{
        "mean":170.1943357615,
        "std":2.7239233757,
        "median":null,
        "max":176.7831335325
    },
    "in_system_mean":{
        "mean":56.7119346681,
        "std":1.1736986366,
        "median":56.4837844741,
        "max":null
    },
    "in_system_max":{
        "mean":170.2198473419,
        "std":2.7254160207,
        "median":null,
        "max":176.7967500925
    },
    "service_time_mean":{
        "mean":15.0051014466,
        "std":0.0545195186,
        "median":15.0052671067,
        "max":null
    }
}

{
    "('id', 'total_unique_arrivals')":{
        "mean":61866.3,
        "std":237.4775706287,
        "max":62476.0,
        "min":61456.0,
        "median":61892.5
    },
    "('id', 'total_patients_returned_to_queue')":{
        "mean":75651.9,
        "std":323.3081534217,
        "max":76335.0,
        "min":74996.0,
        "median":75693.5
    }
}

{
    "('queue_size_mean', 'mean')":{
        "total":5187.0801234568
    },
    "('queue_size_mean', 'std')":{
        "total":110.2568823617
    },
    "('queue_size_mean', 'median')":{
        "total":5188.5712962963
    },
    "('queue_size_max', 'mean')":{
        "total":15869.1
    },
    "('queue_size_max', 'std')":{
        "total":271.6023144993
    },
    "('queue_size_max', 'max')":{
        "total":16492
    }
}

{
    "('utilization_mean', 'mean')":{
        "Single_Queue":0.8525442907
    },
    "('utilization_mean', 'std')":{
        "Single_Queue":0.002740449
    },
    "('utilization_mean', 'median')":{
        "Single_Queue":0.8522782621
    },
    "('utilization_max', 'mean')":{
        "Single_Queue":1.1288170363
    },
    "('utilization_max', 'std')":{
        "Single_Queue":0.0163063057
    },
    "('utilization_max', 'max')":{
        "Single_Queue":1.1768071332
    }
}