{
    "Stage_1\/2":{
        "count_mean":2330.8,
        "count_std":62.9791426886,
        "count_max":2429.0,
        "count_min":2208.0,
        "count_median":2336.0,
        "percentage_of_total_scans_mean":3.4757587107,
        "percentage_of_total_scans_std":0.0879440035,
        "percentage_of_total_scans_max":3.6226696495,
        "percentage_of_total_scans_min":3.2870349694,
        "percentage_of_total_scans_median":3.4897438733,
        "percentage_of_positive_biopsies_mean":64.1239441664,
        "percentage_of_positive_biopsies_std":0.9727993902,
        "percentage_of_positive_biopsies_max":66.7043527417,
        "percentage_of_positive_biopsies_min":62.1864776445,
        "percentage_of_positive_biopsies_median":64.238139892
    },
    "Stage_3\/4":{
        "count_mean":1303.9,
        "count_std":41.5030950238,
        "count_max":1387.0,
        "count_min":1178.0,
        "count_median":1301.5,
        "percentage_of_total_scans_mean":1.9445298102,
        "percentage_of_total_scans_std":0.0628228844,
        "percentage_of_total_scans_max":2.0590549428,
        "percentage_of_total_scans_min":1.7597323056,
        "percentage_of_total_scans_median":1.9492706233,
        "percentage_of_positive_biopsies_mean":35.8760558336,
        "percentage_of_positive_biopsies_std":0.9727993902,
        "percentage_of_positive_biopsies_max":37.8135223555,
        "percentage_of_positive_biopsies_min":33.2956472583,
        "percentage_of_positive_biopsies_median":35.761860108
    }
}

{
    "in_queue_mean":{
        "mean":260.8330015512,
        "std":3.7685629896,
        "median":260.7528950472,
        "max":null
    },
    "in_queue_max":{
        "mean":367.5007281655,
        "std":4.6036995953,
        "median":null,
        "max":378.3333333333
    },
    "in_system_mean":{
        "mean":260.8434199922,
        "std":3.7685759672,
        "median":260.7633213529,
        "max":null
    },
    "in_system_max":{
        "mean":367.5193117044,
        "std":4.6034255469,
        "median":null,
        "max":378.358373085
    },
    "service_time_mean":{
        "mean":15.0025550704,
        "std":0.0404326913,
        "median":14.9990500767,
        "max":null
    }
}

{
    "('id', 'total_unique_arrivals')":{
        "mean":64295.3,
        "std":294.5362397936,
        "max":64786.0,
        "min":63640.0,
        "median":64277.5
    },
    "('id', 'total_patients_returned_to_queue')":{
        "mean":67056.6666666667,
        "std":343.5354053262,
        "max":67641.0,
        "min":66192.0,
        "median":67054.5
    }
}

{
    "('queue_size_mean', 'mean')":{
        "total":22102.8346296296
    },
    "('queue_size_mean', 'std')":{
        "total":312.811066804
    },
    "('queue_size_mean', 'median')":{
        "total":22111.9337962963
    },
    "('queue_size_max', 'mean')":{
        "total":31668.5333333333
    },
    "('queue_size_max', 'std')":{
        "total":434.4498489635
    },
    "('queue_size_max', 'max')":{
        "total":32735
    }
}

{
    "('utilization_mean', 'mean')":{
        "Single_Queue":0.9458807653
    },
    "('utilization_mean', 'std')":{
        "Single_Queue":0.0017943345
    },
    "('utilization_mean', 'median')":{
        "Single_Queue":0.9460466242
    },
    "('utilization_max', 'mean')":{
        "Single_Queue":1.1281837341
    },
    "('utilization_max', 'std')":{
        "Single_Queue":0.0232227612
    },
    "('utilization_max', 'max')":{
        "Single_Queue":1.2064292695
    }
}