{
    "Stage_1\/2":{
        "count_mean":2811.5666666667,
        "count_std":55.1741339531,
        "count_max":2920.0,
        "count_min":2714.0,
        "count_median":2811.5,
        "percentage_of_total_scans_mean":3.7883018545,
        "percentage_of_total_scans_std":0.0724938221,
        "percentage_of_total_scans_max":3.9511816809,
        "percentage_of_total_scans_min":3.6516287017,
        "percentage_of_total_scans_median":3.7823781403,
        "percentage_of_positive_biopsies_mean":69.8948945873,
        "percentage_of_positive_biopsies_std":0.7690753177,
        "percentage_of_positive_biopsies_max":71.0024449878,
        "percentage_of_positive_biopsies_min":68.0030067652,
        "percentage_of_positive_biopsies_median":70.0501552872
    },
    "Stage_3\/4":{
        "count_mean":1210.9333333333,
        "count_std":34.2998274182,
        "count_max":1277.0,
        "count_min":1156.0,
        "count_median":1205.5,
        "percentage_of_total_scans_mean":1.631587576,
        "percentage_of_total_scans_std":0.0448168978,
        "percentage_of_total_scans_max":1.719043057,
        "percentage_of_total_scans_min":1.5540140883,
        "percentage_of_total_scans_median":1.6251478225,
        "percentage_of_positive_biopsies_mean":30.1051054127,
        "percentage_of_positive_biopsies_std":0.7690753177,
        "percentage_of_positive_biopsies_max":31.9969932348,
        "percentage_of_positive_biopsies_min":28.9975550122,
        "percentage_of_positive_biopsies_median":29.9498447128
    }
}

{
    "in_queue_mean":{
        "max":null,
        "mean":78.9127168565,
        "median":77.7756871529,
        "std":4.0774907606
    },
    "in_queue_max":{
        "max":132.3431466962,
        "mean":119.6166537349,
        "median":null,
        "std":6.3436780661
    },
    "in_system_mean":{
        "max":null,
        "mean":78.9231255116,
        "median":77.7860771066,
        "std":4.0775152395
    },
    "in_system_max":{
        "max":132.3584671688,
        "mean":119.6352288385,
        "median":null,
        "std":6.342472959
    },
    "service_time_mean":{
        "max":null,
        "mean":14.9884632734,
        "median":14.9919884146,
        "std":0.0600299686
    }
}

{
    "id_total_unique_arrivals":{
        "mean":67510.7333333333,
        "std":300.1970540568,
        "max":68254.0,
        "min":66985.0,
        "median":67445.5
    },
    "id_total_patients_returned_to_queue":{
        "mean":83308.1333333333,
        "std":297.9975391397,
        "max":84186.0,
        "min":82733.0,
        "median":83336.5
    },
    "id_total_patients_served":{
        "mean":74442.0,
        "std":371.0836879307,
        "max":74918.0,
        "min":73622.0,
        "median":74493.0
    }
}

{
    "('queue_size_mean', 'mean')":{
        "total":5927.2280246914
    },
    "('queue_size_mean', 'std')":{
        "total":312.0975929022
    },
    "('queue_size_mean', 'median')":{
        "total":5863.4152777778
    },
    "('queue_size_max', 'mean')":{
        "total":8923.8
    },
    "('queue_size_max', 'std')":{
        "total":487.2836319137
    },
    "('queue_size_max', 'max')":{
        "total":9786
    }
}

{
    "('utilization_mean', 'mean')":{
        "Single_Queue":1.0281536793
    },
    "('utilization_mean', 'std')":{
        "Single_Queue":0.000777938
    },
    "('utilization_mean', 'median')":{
        "Single_Queue":1.028195849
    },
    "('utilization_max', 'mean')":{
        "Single_Queue":1.1208405655
    },
    "('utilization_max', 'std')":{
        "Single_Queue":0.0180803683
    },
    "('utilization_max', 'max')":{
        "Single_Queue":1.1676896631
    }
}