{
    "Stage_1\/2":{
        "count_mean":2843.7666666667,
        "count_std":45.3101825606,
        "count_max":2960.0,
        "count_min":2727.0,
        "count_median":2847.5,
        "percentage_of_total_scans_mean":3.7854401272,
        "percentage_of_total_scans_std":0.0601426201,
        "percentage_of_total_scans_max":3.9194396261,
        "percentage_of_total_scans_min":3.6061411513,
        "percentage_of_total_scans_median":3.7909996169,
        "percentage_of_positive_biopsies_mean":69.8754458409,
        "percentage_of_positive_biopsies_std":0.5747873541,
        "percentage_of_positive_biopsies_max":71.0305719921,
        "percentage_of_positive_biopsies_min":68.7421225107,
        "percentage_of_positive_biopsies_median":69.8484067846
    },
    "Stage_3\/4":{
        "count_mean":1226.1,
        "count_std":32.787034864,
        "count_max":1280.0,
        "count_min":1143.0,
        "count_median":1235.5,
        "percentage_of_total_scans_mean":1.6321239975,
        "percentage_of_total_scans_std":0.0443438522,
        "percentage_of_total_scans_max":1.7047350786,
        "percentage_of_total_scans_min":1.5250370252,
        "percentage_of_total_scans_median":1.6396807925,
        "percentage_of_positive_biopsies_mean":30.1245541591,
        "percentage_of_positive_biopsies_std":0.5747873541,
        "percentage_of_positive_biopsies_max":31.2578774893,
        "percentage_of_positive_biopsies_min":28.9694280079,
        "percentage_of_positive_biopsies_median":30.1515932154
    }
}

{
    "in_queue_mean":{
        "mean":2.114107164,
        "std":0.3274975766,
        "median":2.0451109239,
        "max":null
    },
    "in_queue_max":{
        "mean":5.8297084959,
        "std":0.9511191114,
        "median":null,
        "max":8.4150203482
    },
    "in_system_mean":{
        "mean":2.1245298839,
        "std":0.3275092665,
        "median":2.0555156518,
        "max":null
    },
    "in_system_max":{
        "mean":5.8475027987,
        "std":0.947053361,
        "median":null,
        "max":8.4192635271
    },
    "service_time_mean":{
        "mean":15.0087167068,
        "std":0.0459671364,
        "median":15.0021500213,
        "max":null
    }
}

{
    "('id', 'total_unique_arrivals')":{
        "mean":58713.1666666667,
        "std":233.6441566871,
        "max":59045.0,
        "min":58230.0,
        "median":58744.5
    },
    "('id', 'total_patients_returned_to_queue')":{
        "mean":75124.4333333333,
        "std":311.3141980139,
        "max":75736.0,
        "min":74510.0,
        "median":75146.0
    }
}

{
    "('queue_size_mean', 'mean')":{
        "total":130.4163580247
    },
    "('queue_size_mean', 'std')":{
        "total":23.2118094251
    },
    "('queue_size_mean', 'median')":{
        "total":125.737962963
    },
    "('queue_size_max', 'mean')":{
        "total":358.7666666667
    },
    "('queue_size_max', 'std')":{
        "total":72.3028512498
    },
    "('queue_size_max', 'max')":{
        "total":563
    }
}

{
    "('utilization_mean', 'mean')":{
        "Single_Queue":0.8438986095
    },
    "('utilization_mean', 'std')":{
        "Single_Queue":0.0044377106
    },
    "('utilization_mean', 'median')":{
        "Single_Queue":0.8433843535
    },
    "('utilization_max', 'mean')":{
        "Single_Queue":1.1209469596
    },
    "('utilization_max', 'std')":{
        "Single_Queue":0.0177213251
    },
    "('utilization_max', 'max')":{
        "Single_Queue":1.1749520113
    }
}