{
    "Stage_1\/2":{
        "count_mean":2330.8,
        "count_std":62.9791426886,
        "count_max":2429.0,
        "count_min":2208.0,
        "count_median":2336.0,
        "percentage_of_total_scans_mean":3.4864418654,
        "percentage_of_total_scans_std":0.0882465817,
        "percentage_of_total_scans_max":3.632475437,
        "percentage_of_total_scans_min":3.2963587776,
        "percentage_of_total_scans_median":3.5010675925,
        "percentage_of_positive_biopsies_mean":64.1239441664,
        "percentage_of_positive_biopsies_std":0.9727993902,
        "percentage_of_positive_biopsies_max":66.7043527417,
        "percentage_of_positive_biopsies_min":62.1864776445,
        "percentage_of_positive_biopsies_median":64.238139892
    },
    "Stage_3\/4":{
        "count_mean":1303.9,
        "count_std":41.5030950238,
        "count_max":1387.0,
        "count_min":1178.0,
        "count_median":1301.5,
        "percentage_of_total_scans_mean":1.9505041338,
        "percentage_of_total_scans_std":0.0629593471,
        "percentage_of_total_scans_max":2.0652481425,
        "percentage_of_total_scans_min":1.7654816858,
        "percentage_of_total_scans_median":1.9555014565,
        "percentage_of_positive_biopsies_mean":35.8760558336,
        "percentage_of_positive_biopsies_std":0.9727993902,
        "percentage_of_positive_biopsies_max":37.8135223555,
        "percentage_of_positive_biopsies_min":33.2956472583,
        "percentage_of_positive_biopsies_median":35.761860108
    }
}

{
    "in_queue_mean":{
        "max":null,
        "mean":260.8356491881,
        "median":260.756359793,
        "std":3.768081283
    },
    "in_queue_max":{
        "max":378.3333333333,
        "mean":367.5007281655,
        "median":null,
        "std":4.6036995953
    },
    "in_system_mean":{
        "max":null,
        "mean":260.8460679851,
        "median":260.7667859683,
        "std":3.7680940033
    },
    "in_system_max":{
        "max":378.358373085,
        "mean":367.5189297721,
        "median":null,
        "std":4.6037797904
    },
    "service_time_mean":{
        "max":null,
        "mean":15.0030677304,
        "median":14.9984251261,
        "std":0.0409136356
    }
}

{
    "id_total_unique_arrivals":{
        "mean":86670.4333333333,
        "std":284.5999834412,
        "max":87264.0,
        "min":86067.0,
        "median":86673.5
    },
    "id_total_patients_returned_to_queue":{
        "mean":98690.4,
        "std":304.0745825026,
        "max":99105.0,
        "min":97922.0,
        "median":98700.0
    },
    "id_total_patients_served":{
        "mean":67056.6666666667,
        "std":343.5354053262,
        "max":67641.0,
        "min":66192.0,
        "median":67054.5
    }
}

{
    "('queue_size_mean', 'mean')":{
        "total":22102.8346296296
    },
    "('queue_size_mean', 'std')":{
        "total":312.811066804
    },
    "('queue_size_mean', 'median')":{
        "total":22111.9337962963
    },
    "('queue_size_max', 'mean')":{
        "total":31668.5333333333
    },
    "('queue_size_max', 'std')":{
        "total":434.4498489635
    },
    "('queue_size_max', 'max')":{
        "total":32735
    }
}

{
    "('utilization_mean', 'mean')":{
        "Single_Queue":1.0281031878
    },
    "('utilization_mean', 'std')":{
        "Single_Queue":0.0006859953
    },
    "('utilization_mean', 'median')":{
        "Single_Queue":1.0282487066
    },
    "('utilization_max', 'mean')":{
        "Single_Queue":1.1234948035
    },
    "('utilization_max', 'std')":{
        "Single_Queue":0.0235220934
    },
    "('utilization_max', 'max')":{
        "Single_Queue":1.2064292695
    }
}