{
    "Stage_1\/2":{
        "count_mean":3922.5333333333,
        "count_std":56.0595332158,
        "count_max":4025.0,
        "count_min":3771.0,
        "count_median":3927.0,
        "percentage_of_total_scans_mean":5.440056936,
        "percentage_of_total_scans_std":0.0767042457,
        "percentage_of_total_scans_max":5.5667736225,
        "percentage_of_total_scans_min":5.2198106417,
        "percentage_of_total_scans_median":5.4481157542,
        "percentage_of_positive_biopsies_mean":70.1165697294,
        "percentage_of_positive_biopsies_std":0.6655546238,
        "percentage_of_positive_biopsies_max":71.1375518298,
        "percentage_of_positive_biopsies_min":68.8293370945,
        "percentage_of_positive_biopsies_median":70.2005003339
    },
    "Stage_3\/4":{
        "count_mean":1671.8333333333,
        "count_std":43.9914437867,
        "count_max":1768.0,
        "count_min":1601.0,
        "count_median":1665.5,
        "percentage_of_total_scans_mean":2.3185933203,
        "percentage_of_total_scans_std":0.059652145,
        "percentage_of_total_scans_max":2.4406140363,
        "percentage_of_total_scans_min":2.2280762565,
        "percentage_of_total_scans_median":2.3111475663,
        "percentage_of_positive_biopsies_mean":29.8834302706,
        "percentage_of_positive_biopsies_std":0.6655546238,
        "percentage_of_positive_biopsies_max":31.1706629055,
        "percentage_of_positive_biopsies_min":28.8624481702,
        "percentage_of_positive_biopsies_median":29.7994996661
    }
}

{
    "in_queue_mean":{
        "mean":28.1893513254,
        "std":1.474262385,
        "median":28.439195286,
        "max":null
    },
    "in_queue_max":{
        "mean":84.3957242073,
        "std":3.4811786589,
        "median":null,
        "max":89.7758153223
    },
    "in_system_mean":{
        "mean":28.1997718366,
        "std":1.4742785741,
        "median":28.4495829352,
        "max":null
    },
    "in_system_max":{
        "mean":84.4147164243,
        "std":3.4831056087,
        "median":null,
        "max":89.8053840888
    },
    "service_time_mean":{
        "mean":15.0055360947,
        "std":0.0490317722,
        "median":15.0107801469,
        "max":null
    }
}

{
    "('id', 'total_unique_arrivals')":{
        "mean":55595.0666666667,
        "std":200.4109456253,
        "max":56057.0,
        "min":55198.0,
        "median":55589.5
    },
    "('id', 'total_patients_returned_to_queue')":{
        "mean":72104.8666666667,
        "std":246.4535674717,
        "max":72666.0,
        "min":71495.0,
        "median":72126.0
    }
}

{
    "('queue_size_mean', 'mean')":{
        "total":2122.3459876543
    },
    "('queue_size_mean', 'std')":{
        "total":117.0288982388
    },
    "('queue_size_mean', 'median')":{
        "total":2143.1162037037
    },
    "('queue_size_max', 'mean')":{
        "total":6789.9666666667
    },
    "('queue_size_max', 'std')":{
        "total":282.4748366374
    },
    "('queue_size_max', 'max')":{
        "total":7270
    }
}

{
    "('utilization_mean', 'mean')":{
        "Single_Queue":0.7795650435
    },
    "('utilization_mean', 'std')":{
        "Single_Queue":0.0028178076
    },
    "('utilization_mean', 'median')":{
        "Single_Queue":0.7795853588
    },
    "('utilization_max', 'mean')":{
        "Single_Queue":1.123855888
    },
    "('utilization_max', 'std')":{
        "Single_Queue":0.0146264005
    },
    "('utilization_max', 'max')":{
        "Single_Queue":1.1564700791
    }
}