{
    "Stage_1\/2":{
        "count_mean":1195.7,
        "count_std":38.4753839801,
        "count_max":1256.0,
        "count_min":1125.0,
        "count_median":1196.5,
        "percentage_of_total_scans_mean":5.4360873085,
        "percentage_of_total_scans_std":0.1770956295,
        "percentage_of_total_scans_max":5.7210531111,
        "percentage_of_total_scans_min":5.1376900945,
        "percentage_of_total_scans_median":5.4483153154,
        "percentage_of_positive_biopsies_mean":70.0561177886,
        "percentage_of_positive_biopsies_std":1.0322899115,
        "percentage_of_positive_biopsies_max":71.6571428571,
        "percentage_of_positive_biopsies_min":68.1133212779,
        "percentage_of_positive_biopsies_median":69.9373241655
    },
    "Stage_3\/4":{
        "count_mean":510.9,
        "count_std":18.501351302,
        "count_max":548.0,
        "count_min":472.0,
        "count_median":508.0,
        "percentage_of_total_scans_mean":2.3227228456,
        "percentage_of_total_scans_std":0.0847192052,
        "percentage_of_total_scans_max":2.5065178612,
        "percentage_of_total_scans_min":2.1592936548,
        "percentage_of_total_scans_median":2.3040686687,
        "percentage_of_positive_biopsies_mean":29.9438822114,
        "percentage_of_positive_biopsies_std":1.0322899115,
        "percentage_of_positive_biopsies_max":31.8866787221,
        "percentage_of_positive_biopsies_min":28.3428571429,
        "percentage_of_positive_biopsies_median":30.0626758345
    }
}

{
    "in_queue_mean":{
        "mean":1.6796208659,
        "std":0.1370364491,
        "median":1.6623228543,
        "max":null
    },
    "in_queue_max":{
        "mean":6.0475914666,
        "std":0.6468548316,
        "median":null,
        "max":7.3717458448
    },
    "in_system_mean":{
        "mean":1.690042058,
        "std":0.1370576872,
        "median":1.6727468959,
        "max":null
    },
    "in_system_max":{
        "mean":6.0572582069,
        "std":0.6494978415,
        "median":null,
        "max":7.3956509578
    },
    "service_time_mean":{
        "mean":15.0065165439,
        "std":0.0897785624,
        "median":15.0237652505,
        "max":null
    }
}

{
    "('id', 'total_unique_arrivals')":{
        "mean":16136.0333333333,
        "std":81.155654331,
        "max":16292.0,
        "min":16012.0,
        "median":16123.0
    },
    "('id', 'total_patients_returned_to_queue')":{
        "mean":21996.2,
        "std":119.8678582785,
        "max":22256.0,
        "min":21846.0,
        "median":21994.0
    }
}

{
    "('queue_size_mean', 'mean')":{
        "total":30.0200308642
    },
    "('queue_size_mean', 'std')":{
        "total":2.8997090558
    },
    "('queue_size_mean', 'median')":{
        "total":29.6842592593
    },
    "('queue_size_max', 'mean')":{
        "total":118.2
    },
    "('queue_size_max', 'std')":{
        "total":19.5349377553
    },
    "('queue_size_max', 'max')":{
        "total":166
    }
}

{
    "('utilization_mean', 'mean')":{
        "Single_Queue":0.6898552006
    },
    "('utilization_mean', 'std')":{
        "Single_Queue":0.0047842493
    },
    "('utilization_mean', 'median')":{
        "Single_Queue":0.6892819343
    },
    "('utilization_max', 'mean')":{
        "Single_Queue":1.2219524081
    },
    "('utilization_max', 'std')":{
        "Single_Queue":0.0333765266
    },
    "('utilization_max', 'max')":{
        "Single_Queue":1.3182957891
    }
}