{
    "Stage_1\/2":{
        "count_mean":2511.6,
        "count_std":44.8427136279,
        "count_max":2585.0,
        "count_min":2418.0,
        "count_median":2503.5,
        "percentage_of_total_scans_mean":3.7841662296,
        "percentage_of_total_scans_std":0.0629060942,
        "percentage_of_total_scans_max":3.8931309206,
        "percentage_of_total_scans_min":3.6472238563,
        "percentage_of_total_scans_median":3.7845685012,
        "percentage_of_positive_biopsies_mean":70.0161693883,
        "percentage_of_positive_biopsies_std":0.7951595281,
        "percentage_of_positive_biopsies_max":71.6804094399,
        "percentage_of_positive_biopsies_min":68.2181217296,
        "percentage_of_positive_biopsies_median":70.0126332817
    },
    "Stage_3\/4":{
        "count_mean":1075.6333333333,
        "count_std":34.0815283506,
        "count_max":1154.0,
        "count_min":996.0,
        "count_median":1076.0,
        "percentage_of_total_scans_mean":1.6207268904,
        "percentage_of_total_scans_std":0.0535428825,
        "percentage_of_total_scans_max":1.7473728839,
        "percentage_of_total_scans_min":1.5058055152,
        "percentage_of_total_scans_median":1.6246080316,
        "percentage_of_positive_biopsies_mean":29.9838306117,
        "percentage_of_positive_biopsies_std":0.7951595281,
        "percentage_of_positive_biopsies_max":31.7818782704,
        "percentage_of_positive_biopsies_min":28.3195905601,
        "percentage_of_positive_biopsies_median":29.9873667183
    }
}

{
    "in_queue_mean":{
        "max":null,
        "mean":1.2449462994,
        "median":1.2453108061,
        "std":0.0132042926
    },
    "in_queue_max":{
        "max":3.9890491258,
        "mean":3.3561198355,
        "median":null,
        "std":0.3356373778
    },
    "in_system_mean":{
        "max":null,
        "mean":1.2553572783,
        "median":1.2557444813,
        "std":0.0132249461
    },
    "in_system_max":{
        "max":4.0330122853,
        "mean":3.378066308,
        "median":null,
        "std":0.3383026948
    },
    "service_time_mean":{
        "max":null,
        "mean":14.9918095819,
        "median":14.999199459,
        "std":0.0575040436
    }
}

{
    "id_total_unique_arrivals":{
        "mean":51961.0666666667,
        "std":216.8411039628,
        "max":52535.0,
        "min":51633.0,
        "median":51965.5
    },
    "id_total_patients_returned_to_queue":{
        "mean":66583.2333333333,
        "std":297.77539364,
        "max":67450.0,
        "min":66041.0,
        "median":66566.0
    },
    "id_total_patients_served":{
        "mean":66568.9666666667,
        "std":293.7615128583,
        "max":67450.0,
        "min":65983.0,
        "median":66560.0
    }
}

{
    "('queue_size_mean', 'mean')":{
        "total":61.9499382716
    },
    "('queue_size_mean', 'std')":{
        "total":1.0093285602
    },
    "('queue_size_mean', 'median')":{
        "total":61.9648148148
    },
    "('queue_size_max', 'mean')":{
        "total":185.2333333333
    },
    "('queue_size_max', 'std')":{
        "total":9.3723118751
    },
    "('queue_size_max', 'max')":{
        "total":214
    }
}

{
    "('utilization_mean', 'mean')":{
        "Single_Queue":0.8962223415
    },
    "('utilization_mean', 'std')":{
        "Single_Queue":0.0049880627
    },
    "('utilization_mean', 'median')":{
        "Single_Queue":0.8963741871
    },
    "('utilization_max', 'mean')":{
        "Single_Queue":1.1150413957
    },
    "('utilization_max', 'std')":{
        "Single_Queue":0.0124149946
    },
    "('utilization_max', 'max')":{
        "Single_Queue":1.1425437064
    }
}