{
    "Stage_1\/2":{
        "count_mean":2511.5333333333,
        "count_std":54.3537159427,
        "count_max":2612.0,
        "count_min":2357.0,
        "count_median":2515.0,
        "percentage_of_total_scans_mean":3.5763703435,
        "percentage_of_total_scans_std":0.0763818923,
        "percentage_of_total_scans_max":3.7305225874,
        "percentage_of_total_scans_min":3.3677682998,
        "percentage_of_total_scans_median":3.5771853819,
        "percentage_of_positive_biopsies_mean":65.9864922601,
        "percentage_of_positive_biopsies_std":0.6551319295,
        "percentage_of_positive_biopsies_max":67.2538860104,
        "percentage_of_positive_biopsies_min":64.84271742,
        "percentage_of_positive_biopsies_median":65.9576939832
    },
    "Stage_3\/4":{
        "count_mean":1294.3666666667,
        "count_std":25.019279922,
        "count_max":1347.0,
        "count_min":1258.0,
        "count_median":1294.0,
        "percentage_of_total_scans_mean":1.843174244,
        "percentage_of_total_scans_std":0.036218085,
        "percentage_of_total_scans_max":1.9142223738,
        "percentage_of_total_scans_min":1.7872352507,
        "percentage_of_total_scans_median":1.8462170787,
        "percentage_of_positive_biopsies_mean":34.0135077399,
        "percentage_of_positive_biopsies_std":0.6551319295,
        "percentage_of_positive_biopsies_max":35.15728258,
        "percentage_of_positive_biopsies_min":32.7461139896,
        "percentage_of_positive_biopsies_median":34.0423060168
    }
}

{
    "in_queue_mean":{
        "max":null,
        "mean":183.0032808473,
        "median":182.6195653352,
        "std":3.2292167716
    },
    "in_queue_max":{
        "max":270.3869955894,
        "mean":263.0240315936,
        "median":null,
        "std":3.9466977554
    },
    "in_system_mean":{
        "max":null,
        "mean":183.0136940555,
        "median":182.6300036652,
        "std":3.2292172662
    },
    "in_system_max":{
        "max":270.3969497007,
        "mean":263.0459257193,
        "median":null,
        "std":3.9455948139
    },
    "service_time_mean":{
        "max":null,
        "mean":14.9950198032,
        "median":14.9927617663,
        "std":0.0389647656
    }
}

{
    "id_total_unique_arrivals":{
        "mean":77964.8,
        "std":271.4730443214,
        "max":78364.0,
        "min":77384.0,
        "median":78000.0
    },
    "id_total_patients_returned_to_queue":{
        "mean":91683.5666666667,
        "std":301.3550641895,
        "max":92308.0,
        "min":91180.0,
        "median":91688.0
    },
    "id_total_patients_served":{
        "mean":70440.0,
        "std":266.3087396756,
        "max":70961.0,
        "min":70013.0,
        "median":70452.0
    }
}

{
    "('queue_size_mean', 'mean')":{
        "total":14718.2315740741
    },
    "('queue_size_mean', 'std')":{
        "total":258.9650465747
    },
    "('queue_size_mean', 'median')":{
        "total":14734.8143518519
    },
    "('queue_size_max', 'mean')":{
        "total":21281.7333333333
    },
    "('queue_size_max', 'std')":{
        "total":365.2063123424
    },
    "('queue_size_max', 'max')":{
        "total":22022
    }
}

{
    "('utilization_mean', 'mean')":{
        "Single_Queue":1.028249169
    },
    "('utilization_mean', 'std')":{
        "Single_Queue":0.0007269778
    },
    "('utilization_mean', 'median')":{
        "Single_Queue":1.0281897471
    },
    "('utilization_max', 'mean')":{
        "Single_Queue":1.1186054034
    },
    "('utilization_max', 'std')":{
        "Single_Queue":0.0162381403
    },
    "('utilization_max', 'max')":{
        "Single_Queue":1.1673834104
    }
}