{
    "Stage_1\/2":{
        "count_mean":2888.1,
        "count_std":45.6110618767,
        "count_max":2977.0,
        "count_min":2797.0,
        "count_median":2888.5,
        "percentage_of_total_scans_mean":3.8021925706,
        "percentage_of_total_scans_std":0.059770652,
        "percentage_of_total_scans_max":3.9127806109,
        "percentage_of_total_scans_min":3.6849177909,
        "percentage_of_total_scans_median":3.8105152104,
        "percentage_of_positive_biopsies_mean":69.949208092,
        "percentage_of_positive_biopsies_std":0.662025907,
        "percentage_of_positive_biopsies_max":71.1010269883,
        "percentage_of_positive_biopsies_min":68.8068880689,
        "percentage_of_positive_biopsies_median":69.8977773745
    },
    "Stage_3\/4":{
        "count_mean":1240.7,
        "count_std":29.2446871096,
        "count_max":1292.0,
        "count_min":1171.0,
        "count_median":1237.0,
        "percentage_of_total_scans_mean":1.6333826849,
        "percentage_of_total_scans_std":0.0382983577,
        "percentage_of_total_scans_max":1.6958496312,
        "percentage_of_total_scans_min":1.5408908481,
        "percentage_of_total_scans_median":1.6286291912,
        "percentage_of_positive_biopsies_mean":30.050791908,
        "percentage_of_positive_biopsies_std":0.662025907,
        "percentage_of_positive_biopsies_max":31.1931119311,
        "percentage_of_positive_biopsies_min":28.8989730117,
        "percentage_of_positive_biopsies_median":30.1022226255
    }
}

{
    "in_queue_mean":{
        "max":null,
        "mean":9.7144341007,
        "median":10.0644382134,
        "std":2.4442307871
    },
    "in_queue_max":{
        "max":24.4144304659,
        "mean":17.2956859753,
        "median":null,
        "std":3.1277085772
    },
    "in_system_mean":{
        "max":null,
        "mean":9.7248482652,
        "median":10.0748431583,
        "std":2.4442404917
    },
    "in_system_max":{
        "max":24.4454500687,
        "mean":17.3132432825,
        "median":null,
        "std":3.1308262718
    },
    "service_time_mean":{
        "max":null,
        "mean":14.9963969061,
        "median":14.9932020139,
        "std":0.0412886844
    }
}

{
    "id_total_unique_arrivals":{
        "mean":60514.4666666667,
        "std":200.5588284722,
        "max":60832.0,
        "min":60126.0,
        "median":60529.0
    },
    "id_total_patients_returned_to_queue":{
        "mean":77192.5,
        "std":216.0066649674,
        "max":77531.0,
        "min":76753.0,
        "median":77217.0
    },
    "id_total_patients_served":{
        "mean":76187.0333333333,
        "std":194.3453171518,
        "max":76611.0,
        "min":75672.0,
        "median":76249.5
    }
}

{
    "('queue_size_mean', 'mean')":{
        "total":674.4389814815
    },
    "('queue_size_mean', 'std')":{
        "total":173.62098486
    },
    "('queue_size_mean', 'median')":{
        "total":698.7430555556
    },
    "('queue_size_max', 'mean')":{
        "total":1167.1
    },
    "('queue_size_max', 'std')":{
        "total":217.1286524716
    },
    "('queue_size_max', 'max')":{
        "total":1659
    }
}

{
    "('utilization_mean', 'mean')":{
        "Single_Queue":1.0279841548
    },
    "('utilization_mean', 'std')":{
        "Single_Queue":0.000757184
    },
    "('utilization_mean', 'median')":{
        "Single_Queue":1.0280120079
    },
    "('utilization_max', 'mean')":{
        "Single_Queue":1.1132327439
    },
    "('utilization_max', 'std')":{
        "Single_Queue":0.0147947148
    },
    "('utilization_max', 'max')":{
        "Single_Queue":1.1567806292
    }
}