{
    "Stage_1\/2":{
        "count_mean":2398.1333333333,
        "count_std":39.864194749,
        "count_max":2490.0,
        "count_min":2321.0,
        "count_median":2400.0,
        "percentage_of_total_scans_mean":3.5159939991,
        "percentage_of_total_scans_std":0.057482513,
        "percentage_of_total_scans_max":3.6600961326,
        "percentage_of_total_scans_min":3.4068605911,
        "percentage_of_total_scans_median":3.5195332401,
        "percentage_of_positive_biopsies_mean":64.699831604,
        "percentage_of_positive_biopsies_std":0.7100750142,
        "percentage_of_positive_biopsies_max":66.1049198152,
        "percentage_of_positive_biopsies_min":63.2925170068,
        "percentage_of_positive_biopsies_median":64.7666405513
    },
    "Stage_3\/4":{
        "count_mean":1308.5,
        "count_std":34.2936105439,
        "count_max":1384.0,
        "count_min":1247.0,
        "count_median":1309.5,
        "percentage_of_total_scans_mean":1.9184277156,
        "percentage_of_total_scans_std":0.0494010483,
        "percentage_of_total_scans_max":2.0308441797,
        "percentage_of_total_scans_min":1.8292504034,
        "percentage_of_total_scans_median":1.9153791858,
        "percentage_of_positive_biopsies_mean":35.300168396,
        "percentage_of_positive_biopsies_std":0.7100750142,
        "percentage_of_positive_biopsies_max":36.7074829932,
        "percentage_of_positive_biopsies_min":33.8950801848,
        "percentage_of_positive_biopsies_median":35.2333594487
    }
}

{
    "in_queue_mean":{
        "max":null,
        "mean":231.0579085757,
        "median":230.480560653,
        "std":3.3367009101
    },
    "in_queue_max":{
        "max":335.7270819879,
        "mean":327.1875619055,
        "median":null,
        "std":4.185686206
    },
    "in_system_mean":{
        "max":null,
        "mean":231.0683217844,
        "median":230.4909532262,
        "std":3.3367092464
    },
    "in_system_max":{
        "max":335.7377551251,
        "mean":327.2084627272,
        "median":null,
        "std":4.1841514903
    },
    "service_time_mean":{
        "max":null,
        "mean":14.9950204769,
        "median":15.0027801234,
        "std":0.0493157687
    }
}

{
    "id_total_unique_arrivals":{
        "mean":83248.2,
        "std":296.8842105649,
        "max":83923.0,
        "min":82637.0,
        "median":83215.5
    },
    "id_total_patients_returned_to_queue":{
        "mean":95947.2333333333,
        "std":303.9887342891,
        "max":96525.0,
        "min":95414.0,
        "median":95935.0
    },
    "id_total_patients_served":{
        "mean":68415.4666666667,
        "std":260.0939794784,
        "max":68995.0,
        "min":67949.0,
        "median":68366.5
    }
}

{
    "('queue_size_mean', 'mean')":{
        "total":19178.1865740741
    },
    "('queue_size_mean', 'std')":{
        "total":281.1128261184
    },
    "('queue_size_mean', 'median')":{
        "total":19154.05
    },
    "('queue_size_max', 'mean')":{
        "total":27562.0666666667
    },
    "('queue_size_max', 'std')":{
        "total":351.321636046
    },
    "('queue_size_max', 'max')":{
        "total":28208
    }
}

{
    "('utilization_mean', 'mean')":{
        "Single_Queue":1.028188911
    },
    "('utilization_mean', 'std')":{
        "Single_Queue":0.0006693009
    },
    "('utilization_mean', 'median')":{
        "Single_Queue":1.0282426828
    },
    "('utilization_max', 'mean')":{
        "Single_Queue":1.1214901105
    },
    "('utilization_max', 'std')":{
        "Single_Queue":0.0156107583
    },
    "('utilization_max', 'max')":{
        "Single_Queue":1.1633962119
    }
}