{
    "Stage_1\/2":{
        "count_mean":2799.0333333333,
        "count_std":55.8665178447,
        "count_max":2910.0,
        "count_min":2714.0,
        "count_median":2790.0,
        "percentage_of_total_scans_mean":3.7919242394,
        "percentage_of_total_scans_std":0.0747579123,
        "percentage_of_total_scans_max":3.9295118493,
        "percentage_of_total_scans_min":3.682996336,
        "percentage_of_total_scans_median":3.772902269,
        "percentage_of_positive_biopsies_mean":70.0800459924,
        "percentage_of_positive_biopsies_std":0.979225167,
        "percentage_of_positive_biopsies_max":72.0988900101,
        "percentage_of_positive_biopsies_min":68.0883090818,
        "percentage_of_positive_biopsies_median":70.2612177991
    },
    "Stage_3\/4":{
        "count_mean":1195.1333333333,
        "count_std":45.7999648647,
        "count_max":1289.0,
        "count_min":1106.0,
        "count_median":1193.5,
        "percentage_of_total_scans_mean":1.6190204418,
        "percentage_of_total_scans_std":0.0602378362,
        "percentage_of_total_scans_max":1.7394237906,
        "percentage_of_total_scans_min":1.5041070554,
        "percentage_of_total_scans_median":1.6154631927,
        "percentage_of_positive_biopsies_mean":29.9199540076,
        "percentage_of_positive_biopsies_std":0.979225167,
        "percentage_of_positive_biopsies_max":31.9116909182,
        "percentage_of_positive_biopsies_min":27.9011099899,
        "percentage_of_positive_biopsies_median":29.7387822009
    }
}

{
    "in_queue_mean":{
        "mean":96.8224373198,
        "std":3.4508620498,
        "median":96.8093940773,
        "max":null
    },
    "in_queue_max":{
        "mean":144.2008403819,
        "std":4.7380110274,
        "median":null,
        "max":151.8190773414
    },
    "in_system_mean":{
        "mean":96.8328452218,
        "std":3.4508754944,
        "median":96.8198185687,
        "max":null
    },
    "in_system_max":{
        "mean":144.2183678458,
        "std":4.7386606217,
        "median":null,
        "max":151.8333242181
    },
    "service_time_mean":{
        "mean":14.9873789031,
        "std":0.0513810994,
        "median":14.9824767834,
        "max":null
    }
}

{
    "('id', 'total_unique_arrivals')":{
        "mean":63543.9333333333,
        "std":160.4581658517,
        "max":63823.0,
        "min":63222.0,
        "median":63545.5
    },
    "('id', 'total_patients_returned_to_queue')":{
        "mean":73816.0333333333,
        "std":340.8360393901,
        "max":74455.0,
        "min":73255.0,
        "median":73804.0
    }
}

{
    "('queue_size_mean', 'mean')":{
        "total":7359.6071604938
    },
    "('queue_size_mean', 'std')":{
        "total":263.5078764025
    },
    "('queue_size_mean', 'median')":{
        "total":7343.5518518519
    },
    "('queue_size_max', 'mean')":{
        "total":10963.1
    },
    "('queue_size_max', 'std')":{
        "total":382.9565879781
    },
    "('queue_size_max', 'max')":{
        "total":11522
    }
}

{
    "('utilization_mean', 'mean')":{
        "Single_Queue":0.8929903389
    },
    "('utilization_mean', 'std')":{
        "Single_Queue":0.0015890822
    },
    "('utilization_mean', 'median')":{
        "Single_Queue":0.8928231659
    },
    "('utilization_max', 'mean')":{
        "Single_Queue":1.1223526064
    },
    "('utilization_max', 'std')":{
        "Single_Queue":0.0145334113
    },
    "('utilization_max', 'max')":{
        "Single_Queue":1.1634096537
    }
}