{
    "Stage_1\/2":{
        "count_mean":3593.2333333333,
        "count_std":67.8429643817,
        "count_max":3703.0,
        "count_min":3416.0,
        "count_median":3601.0,
        "percentage_of_total_scans_mean":5.4451094037,
        "percentage_of_total_scans_std":0.1001272778,
        "percentage_of_total_scans_max":5.6124539123,
        "percentage_of_total_scans_min":5.1686311298,
        "percentage_of_total_scans_median":5.4476858202,
        "percentage_of_positive_biopsies_mean":70.0898576473,
        "percentage_of_positive_biopsies_std":0.7571672699,
        "percentage_of_positive_biopsies_max":71.4313958086,
        "percentage_of_positive_biopsies_min":68.4952380952,
        "percentage_of_positive_biopsies_median":70.209191863
    },
    "Stage_3\/4":{
        "count_mean":1533.4,
        "count_std":46.6273561853,
        "count_max":1654.0,
        "count_min":1445.0,
        "count_median":1524.5,
        "percentage_of_total_scans_mean":2.323734351,
        "percentage_of_total_scans_std":0.071657669,
        "percentage_of_total_scans_max":2.508759423,
        "percentage_of_total_scans_min":2.1761065012,
        "percentage_of_total_scans_median":2.3106074043,
        "percentage_of_positive_biopsies_mean":29.9101423527,
        "percentage_of_positive_biopsies_std":0.7571672699,
        "percentage_of_positive_biopsies_max":31.5047619048,
        "percentage_of_positive_biopsies_min":28.5686041914,
        "percentage_of_positive_biopsies_median":29.790808137
    }
}

{
    "in_queue_mean":{
        "mean":1.4662759422,
        "std":0.0611427151,
        "median":1.4465967058,
        "max":null
    },
    "in_queue_max":{
        "mean":4.7126540323,
        "std":0.5124458585,
        "median":null,
        "max":5.9524543623
    },
    "in_system_mean":{
        "mean":1.4766880971,
        "std":0.0611585838,
        "median":1.4570024596,
        "max":null
    },
    "in_system_max":{
        "mean":4.7336958863,
        "std":0.5116217529,
        "median":null,
        "max":5.9847273869
    },
    "service_time_mean":{
        "mean":14.9935031494,
        "std":0.0582566925,
        "median":14.9927862612,
        "max":null
    }
}

{
    "('id', 'total_unique_arrivals')":{
        "mean":48413.3666666667,
        "std":195.6743394685,
        "max":48840.0,
        "min":47949.0,
        "median":48420.0
    },
    "('id', 'total_patients_returned_to_queue')":{
        "mean":65990.0666666667,
        "std":275.1351935188,
        "max":66640.0,
        "min":65368.0,
        "median":65981.0
    }
}

{
    "('queue_size_mean', 'mean')":{
        "total":77.000154321
    },
    "('queue_size_mean', 'std')":{
        "total":3.9433671015
    },
    "('queue_size_mean', 'median')":{
        "total":75.7888888889
    },
    "('queue_size_max', 'mean')":{
        "total":247.5666666667
    },
    "('queue_size_max', 'std')":{
        "total":37.5028121551
    },
    "('queue_size_max', 'max')":{
        "total":352
    }
}

{
    "('utilization_mean', 'mean')":{
        "Single_Queue":0.6891861186
    },
    "('utilization_mean', 'std')":{
        "Single_Queue":0.0042946055
    },
    "('utilization_mean', 'median')":{
        "Single_Queue":0.6889973025
    },
    "('utilization_max', 'mean')":{
        "Single_Queue":1.121852239
    },
    "('utilization_max', 'std')":{
        "Single_Queue":0.0171340264
    },
    "('utilization_max', 'max')":{
        "Single_Queue":1.173379216
    }
}