{
    "Stage_1\/2":{
        "count_mean":2840.7666666667,
        "count_std":66.4891400691,
        "count_max":2998.0,
        "count_min":2724.0,
        "count_median":2842.5,
        "percentage_of_total_scans_mean":3.7764315261,
        "percentage_of_total_scans_std":0.0865394854,
        "percentage_of_total_scans_max":3.9828431373,
        "percentage_of_total_scans_min":3.6303058573,
        "percentage_of_total_scans_median":3.7672488254,
        "percentage_of_positive_biopsies_mean":69.9605005407,
        "percentage_of_positive_biopsies_std":0.7869629782,
        "percentage_of_positive_biopsies_max":71.5386527467,
        "percentage_of_positive_biopsies_min":68.3049147442,
        "percentage_of_positive_biopsies_median":70.0194610672
    },
    "Stage_3\/4":{
        "count_mean":1219.5,
        "count_std":31.1766380263,
        "count_max":1273.0,
        "count_min":1145.0,
        "count_median":1219.5,
        "percentage_of_total_scans_mean":1.6211700862,
        "percentage_of_total_scans_std":0.0409073123,
        "percentage_of_total_scans_max":1.6990096896,
        "percentage_of_total_scans_min":1.5229911813,
        "percentage_of_total_scans_median":1.6142678381,
        "percentage_of_positive_biopsies_mean":30.0394994593,
        "percentage_of_positive_biopsies_std":0.7869629782,
        "percentage_of_positive_biopsies_max":31.6950852558,
        "percentage_of_positive_biopsies_min":28.4613472533,
        "percentage_of_positive_biopsies_median":29.9805389328
    }
}

{
    "in_queue_mean":{
        "mean":2.1561806319,
        "std":0.4404997905,
        "median":2.0325372552,
        "max":null
    },
    "in_queue_max":{
        "mean":5.8453157378,
        "std":0.8191950657,
        "median":null,
        "max":7.8721360928
    },
    "in_system_mean":{
        "mean":2.1665919068,
        "std":0.4405238893,
        "median":2.0429751622,
        "max":null
    },
    "in_system_max":{
        "mean":5.8645029451,
        "std":0.8182307145,
        "median":null,
        "max":7.8808859418
    },
    "service_time_mean":{
        "mean":14.9922358028,
        "std":0.0600438516,
        "median":14.9930139507,
        "max":null
    }
}

{
    "('id', 'total_unique_arrivals')":{
        "mean":58808.4666666667,
        "std":219.9932182863,
        "max":59155.0,
        "min":58484.0,
        "median":58771.0
    },
    "('id', 'total_patients_returned_to_queue')":{
        "mean":75223.3666666667,
        "std":302.6858486757,
        "max":75825.0,
        "min":74688.0,
        "median":75183.5
    }
}

{
    "('queue_size_mean', 'mean')":{
        "total":133.5489506173
    },
    "('queue_size_mean', 'std')":{
        "total":31.1576108445
    },
    "('queue_size_mean', 'median')":{
        "total":124.6912037037
    },
    "('queue_size_max', 'mean')":{
        "total":357.5333333333
    },
    "('queue_size_max', 'std')":{
        "total":65.1336733364
    },
    "('queue_size_max', 'max')":{
        "total":525
    }
}

{
    "('utilization_mean', 'mean')":{
        "Single_Queue":0.8443448402
    },
    "('utilization_mean', 'std')":{
        "Single_Queue":0.0040701923
    },
    "('utilization_mean', 'median')":{
        "Single_Queue":0.8445938055
    },
    "('utilization_max', 'mean')":{
        "Single_Queue":1.1201980325
    },
    "('utilization_max', 'std')":{
        "Single_Queue":0.0166497861
    },
    "('utilization_max', 'max')":{
        "Single_Queue":1.1695775028
    }
}