{
    "Stage_1\/2":{
        "count_mean":2877.1,
        "count_std":43.7369487922,
        "count_max":2993.0,
        "count_min":2775.0,
        "count_median":2877.5,
        "percentage_of_total_scans_mean":3.8020271957,
        "percentage_of_total_scans_std":0.05689388,
        "percentage_of_total_scans_max":3.9617197014,
        "percentage_of_total_scans_min":3.6756041046,
        "percentage_of_total_scans_median":3.8066835302,
        "percentage_of_positive_biopsies_mean":69.9981758668,
        "percentage_of_positive_biopsies_std":0.7312382746,
        "percentage_of_positive_biopsies_max":71.4851485149,
        "percentage_of_positive_biopsies_min":68.7051250309,
        "percentage_of_positive_biopsies_median":70.0979765521
    },
    "Stage_3\/4":{
        "count_mean":1233.2333333333,
        "count_std":36.034163228,
        "count_max":1299.0,
        "count_min":1152.0,
        "count_median":1228.5,
        "percentage_of_total_scans_mean":1.6296788174,
        "percentage_of_total_scans_std":0.04693128,
        "percentage_of_total_scans_max":1.7138107552,
        "percentage_of_total_scans_min":1.52524196,
        "percentage_of_total_scans_median":1.6266244243,
        "percentage_of_positive_biopsies_mean":30.0018241332,
        "percentage_of_positive_biopsies_std":0.7312382746,
        "percentage_of_positive_biopsies_max":31.2948749691,
        "percentage_of_positive_biopsies_min":28.5148514851,
        "percentage_of_positive_biopsies_median":29.9020234479
    }
}

{
    "in_queue_mean":{
        "max":null,
        "mean":26.500046671,
        "median":26.2903488258,
        "std":2.6312878028
    },
    "in_queue_max":{
        "max":50.3466481228,
        "mean":42.415126924,
        "median":null,
        "std":3.7105429488
    },
    "in_system_mean":{
        "max":null,
        "mean":26.5104604427,
        "median":26.3007589354,
        "std":2.6313027598
    },
    "in_system_max":{
        "max":50.3569988841,
        "mean":42.4346896081,
        "median":null,
        "std":3.7064196132
    },
    "service_time_mean":{
        "max":null,
        "mean":14.995831272,
        "median":15.0089658963,
        "std":0.0473817483
    }
}

{
    "id_total_unique_arrivals":{
        "mean":62304.5,
        "std":232.3184125884,
        "max":62826.0,
        "min":61803.0,
        "median":62288.5
    },
    "id_total_patients_returned_to_queue":{
        "mean":78832.3,
        "std":269.5173399834,
        "max":79503.0,
        "min":78286.0,
        "median":78847.0
    },
    "id_total_patients_served":{
        "mean":75904.5333333333,
        "std":280.7302955696,
        "max":76559.0,
        "min":75547.0,
        "median":75838.0
    }
}

{
    "('queue_size_mean', 'mean')":{
        "total":1899.5176851852
    },
    "('queue_size_mean', 'std')":{
        "total":189.8269093652
    },
    "('queue_size_mean', 'median')":{
        "total":1881.0791666667
    },
    "('queue_size_max', 'mean')":{
        "total":3013.2
    },
    "('queue_size_max', 'std')":{
        "total":267.2238374665
    },
    "('queue_size_max', 'max')":{
        "total":3557
    }
}

{
    "('utilization_mean', 'mean')":{
        "Single_Queue":1.0280404741
    },
    "('utilization_mean', 'std')":{
        "Single_Queue":0.0006834062
    },
    "('utilization_mean', 'median')":{
        "Single_Queue":1.0280668465
    },
    "('utilization_max', 'mean')":{
        "Single_Queue":1.1142082239
    },
    "('utilization_max', 'std')":{
        "Single_Queue":0.0133634094
    },
    "('utilization_max', 'max')":{
        "Single_Queue":1.1470832742
    }
}