{
    "Stage_1\/2":{
        "count_mean":2624.2666666667,
        "count_std":62.4642978488,
        "count_max":2755.0,
        "count_min":2510.0,
        "count_median":2615.5,
        "percentage_of_total_scans_mean":3.6660849195,
        "percentage_of_total_scans_std":0.0817873309,
        "percentage_of_total_scans_max":3.8202247191,
        "percentage_of_total_scans_min":3.5186587041,
        "percentage_of_total_scans_median":3.6764176432,
        "percentage_of_positive_biopsies_mean":67.658896648,
        "percentage_of_positive_biopsies_std":0.7926676479,
        "percentage_of_positive_biopsies_max":69.1218130312,
        "percentage_of_positive_biopsies_min":66.0456573078,
        "percentage_of_positive_biopsies_median":67.712509653
    },
    "Stage_3\/4":{
        "count_mean":1254.2,
        "count_std":32.9863085495,
        "count_max":1323.0,
        "count_min":1197.0,
        "count_median":1256.0,
        "percentage_of_total_scans_mean":1.7521828514,
        "percentage_of_total_scans_std":0.0466289176,
        "percentage_of_total_scans_max":1.8423617881,
        "percentage_of_total_scans_min":1.6694514063,
        "percentage_of_total_scans_median":1.7542281363,
        "percentage_of_positive_biopsies_mean":32.341103352,
        "percentage_of_positive_biopsies_std":0.7926676479,
        "percentage_of_positive_biopsies_max":33.9543426922,
        "percentage_of_positive_biopsies_min":30.8781869688,
        "percentage_of_positive_biopsies_median":32.287490347
    }
}

{
    "in_queue_mean":{
        "max":null,
        "mean":149.4706947443,
        "median":150.259433244,
        "std":3.8409760987
    },
    "in_queue_max":{
        "max":226.4082857949,
        "mean":216.4986321769,
        "median":null,
        "std":5.2571242155
    },
    "in_system_mean":{
        "max":null,
        "mean":149.4811024399,
        "median":150.2698554822,
        "std":3.8409906207
    },
    "in_system_max":{
        "max":226.4241147698,
        "mean":216.5177001137,
        "median":null,
        "std":5.2582146694
    },
    "service_time_mean":{
        "max":null,
        "mean":14.9870816474,
        "median":14.9792551067,
        "std":0.0538507457
    }
}

{
    "id_total_unique_arrivals":{
        "mean":74395.9666666667,
        "std":294.1565948587,
        "max":74890.0,
        "min":73534.0,
        "median":74393.5
    },
    "id_total_patients_returned_to_queue":{
        "mean":88824.1333333333,
        "std":363.9037134239,
        "max":89389.0,
        "min":87798.0,
        "median":88887.5
    },
    "id_total_patients_served":{
        "mean":71797.7,
        "std":379.5946249756,
        "max":72358.0,
        "min":71053.0,
        "median":71735.5
    }
}

{
    "('queue_size_mean', 'mean')":{
        "total":11747.6174074074
    },
    "('queue_size_mean', 'std')":{
        "total":297.2255445256
    },
    "('queue_size_mean', 'median')":{
        "total":11806.6921296296
    },
    "('queue_size_max', 'mean')":{
        "total":17075
    },
    "('queue_size_max', 'std')":{
        "total":409.0075456685
    },
    "('queue_size_max', 'max')":{
        "total":17937
    }
}

{
    "('utilization_mean', 'mean')":{
        "Single_Queue":1.0281717029
    },
    "('utilization_mean', 'std')":{
        "Single_Queue":0.0006418804
    },
    "('utilization_mean', 'median')":{
        "Single_Queue":1.0281233389
    },
    "('utilization_max', 'mean')":{
        "Single_Queue":1.1171800828
    },
    "('utilization_max', 'std')":{
        "Single_Queue":0.0162626675
    },
    "('utilization_max', 'max')":{
        "Single_Queue":1.1526115259
    }
}