{
    "Stage_1\/2":{
        "count_mean":2846.6,
        "count_std":59.5289555739,
        "count_max":2975.0,
        "count_min":2732.0,
        "count_median":2848.5,
        "percentage_of_total_scans_mean":3.8001571816,
        "percentage_of_total_scans_std":0.0790495815,
        "percentage_of_total_scans_max":3.9574853008,
        "percentage_of_total_scans_min":3.6717962503,
        "percentage_of_total_scans_median":3.816541885,
        "percentage_of_positive_biopsies_mean":69.9665870443,
        "percentage_of_positive_biopsies_std":0.8238999347,
        "percentage_of_positive_biopsies_max":71.6061660865,
        "percentage_of_positive_biopsies_min":68.1654243809,
        "percentage_of_positive_biopsies_median":69.9792549549
    },
    "Stage_3\/4":{
        "count_mean":1221.9333333333,
        "count_std":40.3244884384,
        "count_max":1324.0,
        "count_min":1142.0,
        "count_median":1219.0,
        "percentage_of_total_scans_mean":1.6312453057,
        "percentage_of_total_scans_std":0.053181715,
        "percentage_of_total_scans_max":1.7555490732,
        "percentage_of_total_scans_min":1.515815182,
        "percentage_of_total_scans_median":1.6312450965,
        "percentage_of_positive_biopsies_mean":30.0334129557,
        "percentage_of_positive_biopsies_std":0.8238999347,
        "percentage_of_positive_biopsies_max":31.8345756191,
        "percentage_of_positive_biopsies_min":28.3938339135,
        "percentage_of_positive_biopsies_median":30.0207450451
    }
}

{
    "in_queue_mean":{
        "max":null,
        "mean":2.4806807767,
        "median":2.3495608586,
        "std":0.444106424
    },
    "in_queue_max":{
        "max":7.8463515071,
        "mean":6.2012191261,
        "median":null,
        "std":0.8085335651
    },
    "in_system_mean":{
        "max":null,
        "mean":2.4910970348,
        "median":2.359942004,
        "std":0.4441224916
    },
    "in_system_max":{
        "max":7.873369497,
        "mean":6.2193207244,
        "median":null,
        "std":0.8113502061
    },
    "service_time_mean":{
        "max":null,
        "mean":14.9994116111,
        "median":14.9973175204,
        "std":0.0464740764
    }
}

{
    "id_total_unique_arrivals":{
        "mean":42964.0666666667,
        "std":232.1427820639,
        "max":43501.0,
        "min":42541.0,
        "median":42951.5
    },
    "id_total_patients_returned_to_queue":{
        "mean":75269.0,
        "std":392.8311912611,
        "max":75901.0,
        "min":74448.0,
        "median":75251.0
    },
    "id_total_patients_served":{
        "mean":75136.6666666667,
        "std":368.7301913635,
        "max":75691.0,
        "min":74319.0,
        "median":75165.0
    }
}

{
    "('queue_size_mean', 'mean')":{
        "total":156.6892592593
    },
    "('queue_size_mean', 'std')":{
        "total":31.7449985964
    },
    "('queue_size_mean', 'median')":{
        "total":147.6824074074
    },
    "('queue_size_max', 'mean')":{
        "total":382.7
    },
    "('queue_size_max', 'std')":{
        "total":65.789187876
    },
    "('queue_size_max', 'max')":{
        "total":541
    }
}

{
    "('utilization_mean', 'mean')":{
        "Single_Queue":1.0131717435
    },
    "('utilization_mean', 'std')":{
        "Single_Queue":0.0064997992
    },
    "('utilization_mean', 'median')":{
        "Single_Queue":1.013188424
    },
    "('utilization_max', 'mean')":{
        "Single_Queue":1.1219276577
    },
    "('utilization_max', 'std')":{
        "Single_Queue":0.0152136728
    },
    "('utilization_max', 'max')":{
        "Single_Queue":1.1601285906
    }
}

