{
    "Stage_1\/2":{
        "count_mean":2765.0333333333,
        "count_std":61.4713184217,
        "count_max":2875.0,
        "count_min":2648.0,
        "count_median":2757.0,
        "percentage_of_total_scans_mean":3.7976093333,
        "percentage_of_total_scans_std":0.0819063413,
        "percentage_of_total_scans_max":3.9437044759,
        "percentage_of_total_scans_min":3.6289383163,
        "percentage_of_total_scans_median":3.7970950684,
        "percentage_of_positive_biopsies_mean":70.0944995516,
        "percentage_of_positive_biopsies_std":0.8089329165,
        "percentage_of_positive_biopsies_max":71.7852684145,
        "percentage_of_positive_biopsies_min":68.8957212401,
        "percentage_of_positive_biopsies_median":69.7791239527
    },
    "Stage_3\/4":{
        "count_mean":1179.5,
        "count_std":32.6588953928,
        "count_max":1252.0,
        "count_min":1125.0,
        "count_median":1185.5,
        "percentage_of_total_scans_mean":1.6200090284,
        "percentage_of_total_scans_std":0.0453527111,
        "percentage_of_total_scans_max":1.7204892126,
        "percentage_of_total_scans_min":1.5421944399,
        "percentage_of_total_scans_median":1.6291991258,
        "percentage_of_positive_biopsies_mean":29.9055004484,
        "percentage_of_positive_biopsies_std":0.8089329165,
        "percentage_of_positive_biopsies_max":31.1042787599,
        "percentage_of_positive_biopsies_min":28.2147315855,
        "percentage_of_positive_biopsies_median":30.2208760473
    }
}

{
    "in_queue_mean":{
        "max":null,
        "mean":1.4689361777,
        "median":1.4498013497,
        "std":0.0539151832
    },
    "in_queue_max":{
        "max":4.938053861,
        "mean":4.3750701082,
        "median":null,
        "std":0.231175207
    },
    "in_system_mean":{
        "max":null,
        "mean":1.4793577965,
        "median":1.4602683468,
        "std":0.0539303632
    },
    "in_system_max":{
        "max":4.9659503455,
        "mean":4.3957651512,
        "median":null,
        "std":0.2313723245
    },
    "service_time_mean":{
        "max":null,
        "mean":15.0071311866,
        "median":14.9995907638,
        "std":0.0537760351
    }
}

{
    "id_total_unique_arrivals":{
        "mean":56834.2,
        "std":224.2110151405,
        "max":57470.0,
        "min":56265.0,
        "median":56840.0
    },
    "id_total_patients_returned_to_queue":{
        "mean":73083.8666666667,
        "std":319.2312677337,
        "max":73899.0,
        "min":72249.0,
        "median":73059.5
    },
    "id_total_patients_served":{
        "mean":73027.2333333333,
        "std":314.9813003025,
        "max":73856.0,
        "min":72219.0,
        "median":73005.5
    }
}

{
    "('queue_size_mean', 'mean')":{
        "total":83.0888271605
    },
    "('queue_size_mean', 'std')":{
        "total":3.8417830467
    },
    "('queue_size_mean', 'median')":{
        "total":81.8481481481
    },
    "('queue_size_max', 'mean')":{
        "total":232.3666666667
    },
    "('queue_size_max', 'std')":{
        "total":20.2407634675
    },
    "('queue_size_max', 'max')":{
        "total":285
    }
}

{
    "('utilization_mean', 'mean')":{
        "Single_Queue":0.9844392114
    },
    "('utilization_mean', 'std')":{
        "Single_Queue":0.004981057
    },
    "('utilization_mean', 'median')":{
        "Single_Queue":0.983416824
    },
    "('utilization_max', 'mean')":{
        "Single_Queue":1.1152297039
    },
    "('utilization_max', 'std')":{
        "Single_Queue":0.0116719599
    },
    "('utilization_max', 'max')":{
        "Single_Queue":1.1388818687
    }
}