{
    "Stage_1\/2":{
        "count_mean":3792.6333333333,
        "count_std":55.6897089071,
        "count_max":3874.0,
        "count_min":3678.0,
        "count_median":3790.5,
        "percentage_of_total_scans_mean":5.4308548984,
        "percentage_of_total_scans_std":0.0799962145,
        "percentage_of_total_scans_max":5.5633843322,
        "percentage_of_total_scans_min":5.2361089361,
        "percentage_of_total_scans_median":5.4343585407,
        "percentage_of_positive_biopsies_mean":70.0397242634,
        "percentage_of_positive_biopsies_std":0.6612931771,
        "percentage_of_positive_biopsies_max":71.2525289682,
        "percentage_of_positive_biopsies_min":68.7476635514,
        "percentage_of_positive_biopsies_median":69.9593159655
    },
    "Stage_3\/4":{
        "count_mean":1622.3666666667,
        "count_std":41.2523632204,
        "count_max":1698.0,
        "count_min":1537.0,
        "count_median":1632.5,
        "percentage_of_total_scans_mean":2.3231167284,
        "percentage_of_total_scans_std":0.0579664264,
        "percentage_of_total_scans_max":2.4367842484,
        "percentage_of_total_scans_min":2.2031104422,
        "percentage_of_total_scans_median":2.3371136174,
        "percentage_of_positive_biopsies_mean":29.9602757366,
        "percentage_of_positive_biopsies_std":0.6612931771,
        "percentage_of_positive_biopsies_max":31.2523364486,
        "percentage_of_positive_biopsies_min":28.7474710318,
        "percentage_of_positive_biopsies_median":30.0406840345
    }
}

{
    "in_queue_mean":{
        "mean":7.0587005001,
        "std":1.4129307943,
        "median":7.017505204,
        "max":null
    },
    "in_queue_max":{
        "mean":23.2223858298,
        "std":3.4292672994,
        "median":null,
        "max":27.9186029766
    },
    "in_system_mean":{
        "mean":7.0691214283,
        "std":1.4129352822,
        "median":7.0279185869,
        "max":null
    },
    "in_system_max":{
        "mean":23.2440142112,
        "std":3.4302132112,
        "median":null,
        "max":27.9626801407
    },
    "service_time_mean":{
        "mean":15.006136609,
        "std":0.0392535044,
        "median":15.0156368914,
        "max":null
    }
}

{
    "('id', 'total_unique_arrivals')":{
        "mean":51678.9333333333,
        "std":159.7385651476,
        "max":51970.0,
        "min":51305.0,
        "median":51659.0
    },
    "('id', 'total_patients_returned_to_queue')":{
        "mean":69835.2333333333,
        "std":192.6554335905,
        "max":70266.0,
        "min":69528.0,
        "median":69809.5
    }
}

{
    "('queue_size_mean', 'mean')":{
        "total":457.9082716049
    },
    "('queue_size_mean', 'std')":{
        "total":95.1235637102
    },
    "('queue_size_mean', 'median')":{
        "total":457.6337962963
    },
    "('queue_size_max', 'mean')":{
        "total":1658.8333333333
    },
    "('queue_size_max', 'std')":{
        "total":249.6128151183
    },
    "('queue_size_max', 'max')":{
        "total":2039
    }
}

{
    "('utilization_mean', 'mean')":{
        "Single_Queue":0.7359442916
    },
    "('utilization_mean', 'std')":{
        "Single_Queue":0.0027765029
    },
    "('utilization_mean', 'median')":{
        "Single_Queue":0.7360985923
    },
    "('utilization_max', 'mean')":{
        "Single_Queue":1.1197202911
    },
    "('utilization_max', 'std')":{
        "Single_Queue":0.011318269
    },
    "('utilization_max', 'max')":{
        "Single_Queue":1.1455887593
    }
}