{
    "Stage_1\/2":{
        "count_mean":2834.6666666667,
        "count_std":53.3487764998,
        "count_max":2951.0,
        "count_min":2740.0,
        "count_median":2833.0,
        "percentage_of_total_scans_mean":3.7962934623,
        "percentage_of_total_scans_std":0.067642756,
        "percentage_of_total_scans_max":3.9437109104,
        "percentage_of_total_scans_min":3.6840831473,
        "percentage_of_total_scans_median":3.7852767456,
        "percentage_of_positive_biopsies_mean":69.9112472652,
        "percentage_of_positive_biopsies_std":0.6775613767,
        "percentage_of_positive_biopsies_max":70.8986806074,
        "percentage_of_positive_biopsies_min":67.9732076408,
        "percentage_of_positive_biopsies_median":69.8824479182
    },
    "Stage_3\/4":{
        "count_mean":1219.9333333333,
        "count_std":31.1668848723,
        "count_max":1291.0,
        "count_min":1154.0,
        "count_median":1221.5,
        "percentage_of_total_scans_mean":1.6337914978,
        "percentage_of_total_scans_std":0.0410516985,
        "percentage_of_total_scans_max":1.7358216581,
        "percentage_of_total_scans_min":1.5558641518,
        "percentage_of_total_scans_median":1.6349214895,
        "percentage_of_positive_biopsies_mean":30.0887527348,
        "percentage_of_positive_biopsies_std":0.6775613767,
        "percentage_of_positive_biopsies_max":32.0267923592,
        "percentage_of_positive_biopsies_min":29.1013193926,
        "percentage_of_positive_biopsies_median":30.1175520818
    }
}

{
    "in_queue_mean":{
        "max":null,
        "mean":62.1899163467,
        "median":61.7097753559,
        "std":3.3973216488
    },
    "in_queue_max":{
        "max":103.8880036567,
        "mean":94.4401284243,
        "median":null,
        "std":4.8125625262
    },
    "in_system_mean":{
        "max":null,
        "mean":62.200329536,
        "median":61.7201700982,
        "std":3.3973328191
    },
    "in_system_max":{
        "max":103.895417229,
        "mean":94.461274469,
        "median":null,
        "std":4.8102760525
    },
    "service_time_mean":{
        "max":null,
        "mean":14.9949925948,
        "median":14.9979971932,
        "std":0.0504427202
    }
}

{
    "id_total_unique_arrivals":{
        "mean":65546.4666666667,
        "std":302.6748264635,
        "max":66184.0,
        "min":65007.0,
        "median":65505.0
    },
    "id_total_patients_returned_to_queue":{
        "mean":81791.1,
        "std":302.1509499434,
        "max":82440.0,
        "min":81182.0,
        "median":81779.0
    },
    "id_total_patients_served":{
        "mean":74893.3333333333,
        "std":298.3644304091,
        "max":75564.0,
        "min":74385.0,
        "median":74824.5
    }
}

{
    "('queue_size_mean', 'mean')":{
        "total":4601.9717283951
    },
    "('queue_size_mean', 'std')":{
        "total":253.2986809903
    },
    "('queue_size_mean', 'median')":{
        "total":4568.7837962963
    },
    "('queue_size_max', 'mean')":{
        "total":6954.2
    },
    "('queue_size_max', 'std')":{
        "total":370.6690502694
    },
    "('queue_size_max', 'max')":{
        "total":7655
    }
}

{
    "('utilization_mean', 'mean')":{
        "Single_Queue":1.0281202149
    },
    "('utilization_mean', 'std')":{
        "Single_Queue":0.0005171848
    },
    "('utilization_mean', 'median')":{
        "Single_Queue":1.0280787242
    },
    "('utilization_max', 'mean')":{
        "Single_Queue":1.1223251086
    },
    "('utilization_max', 'std')":{
        "Single_Queue":0.0126290899
    },
    "('utilization_max', 'max')":{
        "Single_Queue":1.1518815312
    }
}