{
    "Stage_1\/2":{
        "count_mean":2588.8666666667,
        "count_std":58.852084212,
        "count_max":2729.0,
        "count_min":2458.0,
        "count_median":2589.0,
        "percentage_of_total_scans_mean":3.781691025,
        "percentage_of_total_scans_std":0.0862810608,
        "percentage_of_total_scans_max":3.975062998,
        "percentage_of_total_scans_min":3.5823070757,
        "percentage_of_total_scans_median":3.781038844,
        "percentage_of_positive_biopsies_mean":69.791525177,
        "percentage_of_positive_biopsies_std":0.7372477841,
        "percentage_of_positive_biopsies_max":71.33033589,
        "percentage_of_positive_biopsies_min":68.5646186441,
        "percentage_of_positive_biopsies_median":69.9144451626
    },
    "Stage_3\/4":{
        "count_mean":1120.3333333333,
        "count_std":27.0992216879,
        "count_max":1187.0,
        "count_min":1084.0,
        "count_median":1116.5,
        "percentage_of_total_scans_mean":1.6364611694,
        "percentage_of_total_scans_std":0.0366821785,
        "percentage_of_total_scans_max":1.7237104983,
        "percentage_of_total_scans_min":1.571242209,
        "percentage_of_total_scans_median":1.6320603082,
        "percentage_of_positive_biopsies_mean":30.208474823,
        "percentage_of_positive_biopsies_std":0.7372477841,
        "percentage_of_positive_biopsies_max":31.4353813559,
        "percentage_of_positive_biopsies_min":28.66966411,
        "percentage_of_positive_biopsies_median":30.0855548374
    }
}

{
    "in_queue_mean":{
        "max":null,
        "mean":1.2567340494,
        "median":1.2566884708,
        "std":0.0145849491
    },
    "in_queue_max":{
        "max":3.8892031512,
        "mean":3.5381869351,
        "median":null,
        "std":0.1880078452
    },
    "in_system_mean":{
        "max":null,
        "mean":1.2671507848,
        "median":1.2671118939,
        "std":0.0146070051
    },
    "in_system_max":{
        "max":3.9281575676,
        "mean":3.5587550629,
        "median":null,
        "std":0.1869350922
    },
    "service_time_mean":{
        "max":null,
        "mean":15.0000989239,
        "median":15.0055736955,
        "std":0.055673367
    }
}

{
    "id_total_unique_arrivals":{
        "mean":53449.9,
        "std":223.8358927798,
        "max":54003.0,
        "min":52985.0,
        "median":53444.0
    },
    "id_total_patients_returned_to_queue":{
        "mean":68689.6333333333,
        "std":314.8440756216,
        "max":69566.0,
        "min":68104.0,
        "median":68683.5
    },
    "id_total_patients_served":{
        "mean":68666.6,
        "std":312.0087974003,
        "max":69566.0,
        "min":68104.0,
        "median":68676.0
    }
}

{
    "('queue_size_mean', 'mean')":{
        "total":64.6201234568
    },
    "('queue_size_mean', 'std')":{
        "total":1.1088689844
    },
    "('queue_size_mean', 'median')":{
        "total":64.7958333333
    },
    "('queue_size_max', 'mean')":{
        "total":181.2666666667
    },
    "('queue_size_max', 'std')":{
        "total":6.291391674
    },
    "('queue_size_max', 'max')":{
        "total":195
    }
}

{
    "('utilization_mean', 'mean')":{
        "Single_Queue":0.9249796674
    },
    "('utilization_mean', 'std')":{
        "Single_Queue":0.0051155205
    },
    "('utilization_mean', 'median')":{
        "Single_Queue":0.9243065081
    },
    "('utilization_max', 'mean')":{
        "Single_Queue":1.1132085687
    },
    "('utilization_max', 'std')":{
        "Single_Queue":0.0165423194
    },
    "('utilization_max', 'max')":{
        "Single_Queue":1.1695756839
    }
}