{
    "Stage_1\/2":{
        "count_mean":2762.1,
        "count_std":51.9478186459,
        "count_max":2862.0,
        "count_min":2602.0,
        "count_median":2768.5,
        "percentage_of_total_scans_mean":3.8024423214,
        "percentage_of_total_scans_std":0.0712358662,
        "percentage_of_total_scans_max":3.9580135253,
        "percentage_of_total_scans_min":3.5760915875,
        "percentage_of_total_scans_median":3.8046312909,
        "percentage_of_positive_biopsies_mean":70.0325279661,
        "percentage_of_positive_biopsies_std":0.7637723136,
        "percentage_of_positive_biopsies_max":71.792849632,
        "percentage_of_positive_biopsies_min":68.4917083443,
        "percentage_of_positive_biopsies_median":70.0726327811
    },
    "Stage_3\/4":{
        "count_mean":1182.0333333333,
        "count_std":38.6313106291,
        "count_max":1241.0,
        "count_min":1073.0,
        "count_median":1177.0,
        "percentage_of_total_scans_mean":1.6272174561,
        "percentage_of_total_scans_std":0.0522935197,
        "percentage_of_total_scans_max":1.7225823467,
        "percentage_of_total_scans_min":1.4810827225,
        "percentage_of_total_scans_median":1.6224779831,
        "percentage_of_positive_biopsies_mean":29.9674720339,
        "percentage_of_positive_biopsies_std":0.7637723136,
        "percentage_of_positive_biopsies_max":31.5082916557,
        "percentage_of_positive_biopsies_min":28.207150368,
        "percentage_of_positive_biopsies_median":29.9273672189
    }
}

{
    "in_queue_mean":{
        "max":null,
        "mean":117.5156557994,
        "median":117.5642173307,
        "std":3.5875820765
    },
    "in_queue_max":{
        "max":180.4571182858,
        "mean":170.6615354031,
        "median":null,
        "std":4.6202375047
    },
    "in_system_mean":{
        "max":null,
        "mean":117.5260712322,
        "median":117.5746010676,
        "std":3.5875963985
    },
    "in_system_max":{
        "max":180.4752398464,
        "mean":170.6767081083,
        "median":null,
        "std":4.619999235
    },
    "service_time_mean":{
        "max":null,
        "mean":14.9982233263,
        "median":14.9836809187,
        "std":0.0555372793
    }
}

{
    "id_total_unique_arrivals":{
        "mean":70740.7,
        "std":238.6853577411,
        "max":71251.0,
        "min":70173.0,
        "median":70771.5
    },
    "id_total_patients_returned_to_queue":{
        "mean":85945.6666666667,
        "std":239.524001149,
        "max":86343.0,
        "min":85286.0,
        "median":85956.5
    },
    "id_total_patients_served":{
        "mean":72859.7666666667,
        "std":319.1097188173,
        "max":73497.0,
        "min":72254.0,
        "median":72874.0
    }
}

{
    "('queue_size_mean', 'mean')":{
        "total":9009.3203703704
    },
    "('queue_size_mean', 'std')":{
        "total":272.9085899235
    },
    "('queue_size_mean', 'median')":{
        "total":8993.2805555556
    },
    "('queue_size_max', 'mean')":{
        "total":13141.9666666667
    },
    "('queue_size_max', 'std')":{
        "total":360.7132286642
    },
    "('queue_size_max', 'max')":{
        "total":13862
    }
}

{
    "('utilization_mean', 'mean')":{
        "Single_Queue":1.0282254167
    },
    "('utilization_mean', 'std')":{
        "Single_Queue":0.0006666233
    },
    "('utilization_mean', 'median')":{
        "Single_Queue":1.0280805007
    },
    "('utilization_max', 'mean')":{
        "Single_Queue":1.1174493128
    },
    "('utilization_max', 'std')":{
        "Single_Queue":0.013297515
    },
    "('utilization_max', 'max')":{
        "Single_Queue":1.1547868113
    }
}