{
    "Stage_1\/2":{
        "count_mean":2788.3333333333,
        "count_std":57.079698265,
        "count_max":2872.0,
        "count_min":2687.0,
        "count_median":2799.5,
        "percentage_of_total_scans_mean":3.8018499986,
        "percentage_of_total_scans_std":0.0806656353,
        "percentage_of_total_scans_max":3.9466975347,
        "percentage_of_total_scans_min":3.6536448064,
        "percentage_of_total_scans_median":3.8223080895,
        "percentage_of_positive_biopsies_mean":69.9727037195,
        "percentage_of_positive_biopsies_std":0.8899024349,
        "percentage_of_positive_biopsies_max":71.5655780197,
        "percentage_of_positive_biopsies_min":68.5461441214,
        "percentage_of_positive_biopsies_median":69.9789562607
    },
    "Stage_3\/4":{
        "count_mean":1196.7,
        "count_std":44.3816908506,
        "count_max":1268.0,
        "count_min":1097.0,
        "count_median":1207.5,
        "percentage_of_total_scans_mean":1.6316858798,
        "percentage_of_total_scans_std":0.0612390402,
        "percentage_of_total_scans_max":1.7310343886,
        "percentage_of_total_scans_min":1.4929638803,
        "percentage_of_total_scans_median":1.6406924852,
        "percentage_of_positive_biopsies_mean":30.0272962805,
        "percentage_of_positive_biopsies_std":0.8899024349,
        "percentage_of_positive_biopsies_max":31.4538558786,
        "percentage_of_positive_biopsies_min":28.4344219803,
        "percentage_of_positive_biopsies_median":30.0210437393
    }
}

{
    "in_queue_mean":{
        "max":null,
        "mean":99.3394316476,
        "median":100.0454852925,
        "std":3.9719791753
    },
    "in_queue_max":{
        "max":160.4554021232,
        "mean":145.6029034312,
        "median":null,
        "std":5.3735421608
    },
    "in_system_mean":{
        "max":null,
        "mean":99.349843956,
        "median":100.0558851201,
        "std":3.971989208
    },
    "in_system_max":{
        "max":160.4750406834,
        "mean":145.6206553913,
        "median":null,
        "std":5.377321964
    },
    "service_time_mean":{
        "max":null,
        "mean":14.9937241324,
        "median":14.994552697,
        "std":0.058129276
    }
}

{
    "id_total_unique_arrivals":{
        "mean":68984.7,
        "std":299.2995443387,
        "max":69633.0,
        "min":68205.0,
        "median":68993.5
    },
    "id_total_patients_returned_to_queue":{
        "mean":84536.2666666667,
        "std":288.2379205632,
        "max":85159.0,
        "min":83992.0,
        "median":84569.0
    },
    "id_total_patients_served":{
        "mean":73568.0666666667,
        "std":376.9609815474,
        "max":74586.0,
        "min":72790.0,
        "median":73540.5
    }
}

{
    "('queue_size_mean', 'mean')":{
        "total":7527.7583950617
    },
    "('queue_size_mean', 'std')":{
        "total":302.7695756979
    },
    "('queue_size_mean', 'median')":{
        "total":7567.562037037
    },
    "('queue_size_max', 'mean')":{
        "total":11016.8666666667
    },
    "('queue_size_max', 'std')":{
        "total":418.2094619004
    },
    "('queue_size_max', 'max')":{
        "total":12020
    }
}

{
    "('utilization_mean', 'mean')":{
        "Single_Queue":1.0280504738
    },
    "('utilization_mean', 'std')":{
        "Single_Queue":0.0007450083
    },
    "('utilization_mean', 'median')":{
        "Single_Queue":1.0279364326
    },
    "('utilization_max', 'mean')":{
        "Single_Queue":1.1222056308
    },
    "('utilization_max', 'std')":{
        "Single_Queue":0.0159986023
    },
    "('utilization_max', 'max')":{
        "Single_Queue":1.1614143415
    }
}