{
    "Stage_1\/2":{
        "count_mean":4096.6666666667,
        "count_std":66.0033088686,
        "count_max":4252.0,
        "count_min":3966.0,
        "count_median":4099.0,
        "percentage_of_total_scans_mean":5.4176996356,
        "percentage_of_total_scans_std":0.0876023358,
        "percentage_of_total_scans_max":5.6367155394,
        "percentage_of_total_scans_min":5.2310844355,
        "percentage_of_total_scans_median":5.4311890232,
        "percentage_of_positive_biopsies_mean":70.0859025237,
        "percentage_of_positive_biopsies_std":0.6016135585,
        "percentage_of_positive_biopsies_max":71.1479330372,
        "percentage_of_positive_biopsies_min":69.068088033,
        "percentage_of_positive_biopsies_median":69.9347868135
    },
    "Stage_3\/4":{
        "count_mean":1748.5,
        "count_std":40.627619279,
        "count_max":1834.0,
        "count_min":1660.0,
        "count_median":1756.0,
        "percentage_of_total_scans_mean":2.3123663825,
        "percentage_of_total_scans_std":0.0554628434,
        "percentage_of_total_scans_max":2.4351705549,
        "percentage_of_total_scans_min":2.1898869438,
        "percentage_of_total_scans_median":2.3224618107,
        "percentage_of_positive_biopsies_mean":29.9140974763,
        "percentage_of_positive_biopsies_std":0.6016135585,
        "percentage_of_positive_biopsies_max":30.931911967,
        "percentage_of_positive_biopsies_min":28.8520669628,
        "percentage_of_positive_biopsies_median":30.0652131865
    }
}

{
    "in_queue_mean":{
        "mean":57.1914327759,
        "std":1.1478123527,
        "median":57.1850791045,
        "max":null
    },
    "in_queue_max":{
        "mean":171.9991769104,
        "std":3.2643879748,
        "median":null,
        "max":178.7491644006
    },
    "in_system_mean":{
        "mean":57.2018589392,
        "std":1.1478280621,
        "median":57.1954780781,
        "max":null
    },
    "in_system_max":{
        "mean":172.0152866502,
        "std":3.2641856927,
        "median":null,
        "max":178.7867900337
    },
    "service_time_mean":{
        "mean":15.0136752655,
        "std":0.0463360782,
        "median":15.004815626,
        "max":null
    }
}

{
    "('id', 'total_unique_arrivals')":{
        "mean":61756.0666666667,
        "std":193.0241959701,
        "max":62162.0,
        "min":61461.0,
        "median":61753.5
    },
    "('id', 'total_patients_returned_to_queue')":{
        "mean":75616.8666666667,
        "std":261.7439830133,
        "max":76141.0,
        "min":75075.0,
        "median":75628.5
    }
}

{
    "('queue_size_mean', 'mean')":{
        "total":5246.1062962963
    },
    "('queue_size_mean', 'std')":{
        "total":116.3632675269
    },
    "('queue_size_mean', 'median')":{
        "total":5255.149537037
    },
    "('queue_size_max', 'mean')":{
        "total":16033.9333333333
    },
    "('queue_size_max', 'std')":{
        "total":292.9821617888
    },
    "('queue_size_max', 'max')":{
        "total":16681
    }
}

{
    "('utilization_mean', 'mean')":{
        "Single_Queue":0.8544902882
    },
    "('utilization_mean', 'std')":{
        "Single_Queue":0.0028842788
    },
    "('utilization_mean', 'median')":{
        "Single_Queue":0.8543826195
    },
    "('utilization_max', 'mean')":{
        "Single_Queue":1.1212994243
    },
    "('utilization_max', 'std')":{
        "Single_Queue":0.0150067437
    },
    "('utilization_max', 'max')":{
        "Single_Queue":1.161399564
    }
}