{
    "Stage_1\/2":{
        "count_mean":2346.1333333333,
        "count_std":44.6238944291,
        "count_max":2427.0,
        "count_min":2260.0,
        "count_median":2347.0,
        "percentage_of_total_scans_mean":3.4846446074,
        "percentage_of_total_scans_std":0.0621291502,
        "percentage_of_total_scans_max":3.5966621547,
        "percentage_of_total_scans_min":3.3480788862,
        "percentage_of_total_scans_median":3.4865275235,
        "percentage_of_positive_biopsies_mean":64.1886487742,
        "percentage_of_positive_biopsies_std":0.7455321265,
        "percentage_of_positive_biopsies_max":66.1559507524,
        "percentage_of_positive_biopsies_min":63.0011135857,
        "percentage_of_positive_biopsies_median":63.9555622068
    },
    "Stage_3\/4":{
        "count_mean":1308.9,
        "count_std":32.6394620476,
        "count_max":1364.0,
        "count_min":1237.0,
        "count_median":1314.5,
        "percentage_of_total_scans_mean":1.9441178772,
        "percentage_of_total_scans_std":0.0487238208,
        "percentage_of_total_scans_max":2.042680644,
        "percentage_of_total_scans_min":1.8399797706,
        "percentage_of_total_scans_median":1.9450096057,
        "percentage_of_positive_biopsies_mean":35.8113512258,
        "percentage_of_positive_biopsies_std":0.7455321265,
        "percentage_of_positive_biopsies_max":36.9988864143,
        "percentage_of_positive_biopsies_min":33.8440492476,
        "percentage_of_positive_biopsies_median":36.0444377932
    }
}

{
    "in_queue_mean":{
        "max":null,
        "mean":248.6232256185,
        "median":249.1516896708,
        "std":2.7179814936
    },
    "in_queue_max":{
        "max":357.6329761314,
        "mean":349.173053824,
        "median":null,
        "std":3.2051572869
    },
    "in_system_mean":{
        "max":null,
        "mean":248.6336378634,
        "median":249.1620869112,
        "std":2.7179940604
    },
    "in_system_max":{
        "max":357.6401799281,
        "mean":349.1878132802,
        "median":null,
        "std":3.2065861957
    },
    "service_time_mean":{
        "max":null,
        "mean":14.9936326456,
        "median":14.9902214216,
        "std":0.046283658
    }
}

{
    "id_total_unique_arrivals":{
        "mean":84754.0333333333,
        "std":296.3993675052,
        "max":85340.0,
        "min":84256.0,
        "median":84739.0
    },
    "id_total_patients_returned_to_queue":{
        "mean":97236.3,
        "std":338.0083808388,
        "max":97907.0,
        "min":96552.0,
        "median":97287.5
    },
    "id_total_patients_served":{
        "mean":67534.0,
        "std":294.9939800672,
        "max":68073.0,
        "min":66983.0,
        "median":67562.5
    }
}

{
    "('queue_size_mean', 'mean')":{
        "total":20814.7363271605
    },
    "('queue_size_mean', 'std')":{
        "total":217.4296098418
    },
    "('queue_size_mean', 'median')":{
        "total":20844.5180555556
    },
    "('queue_size_max', 'mean')":{
        "total":29725.1666666667
    },
    "('queue_size_max', 'std')":{
        "total":296.7482485012
    },
    "('queue_size_max', 'max')":{
        "total":30478
    }
}

{
    "('utilization_mean', 'mean')":{
        "Single_Queue":1.0279089271
    },
    "('utilization_mean', 'std')":{
        "Single_Queue":0.0007491716
    },
    "('utilization_mean', 'median')":{
        "Single_Queue":1.0279639589
    },
    "('utilization_max', 'mean')":{
        "Single_Queue":1.1193174142
    },
    "('utilization_max', 'std')":{
        "Single_Queue":0.020250943
    },
    "('utilization_max', 'max')":{
        "Single_Queue":1.1866482121
    }
}