{
    "Stage_1\/2":{
        "count_mean":2464.3666666667,
        "count_std":46.8809816107,
        "count_max":2561.0,
        "count_min":2374.0,
        "count_median":2457.5,
        "percentage_of_total_scans_mean":3.5560852574,
        "percentage_of_total_scans_std":0.0674293592,
        "percentage_of_total_scans_max":3.7037037037,
        "percentage_of_total_scans_min":3.4087645741,
        "percentage_of_total_scans_median":3.5470844558,
        "percentage_of_positive_biopsies_mean":65.5547225398,
        "percentage_of_positive_biopsies_std":0.7570517147,
        "percentage_of_positive_biopsies_max":67.1649619722,
        "percentage_of_positive_biopsies_min":64.0641158221,
        "percentage_of_positive_biopsies_median":65.6281184425
    },
    "Stage_3\/4":{
        "count_mean":1294.9333333333,
        "count_std":36.6746490789,
        "count_max":1398.0,
        "count_min":1228.0,
        "count_median":1291.5,
        "percentage_of_total_scans_mean":1.8685253163,
        "percentage_of_total_scans_std":0.0503023804,
        "percentage_of_total_scans_max":2.0113950276,
        "percentage_of_total_scans_min":1.7789109241,
        "percentage_of_total_scans_median":1.8586843068,
        "percentage_of_positive_biopsies_mean":34.4452774602,
        "percentage_of_positive_biopsies_std":0.7570517147,
        "percentage_of_positive_biopsies_max":35.9358841779,
        "percentage_of_positive_biopsies_min":32.8350380278,
        "percentage_of_positive_biopsies_median":34.3718815575
    }
}

{
    "in_queue_mean":{
        "max":null,
        "mean":202.0847375893,
        "median":201.4148021348,
        "std":3.5381962333
    },
    "in_queue_max":{
        "max":292.4589119451,
        "mean":286.1960155775,
        "median":null,
        "std":4.0275656257
    },
    "in_system_mean":{
        "max":null,
        "mean":202.0951554044,
        "median":201.4252101641,
        "std":3.5382022663
    },
    "in_system_max":{
        "max":292.4843216087,
        "mean":286.2162135262,
        "median":null,
        "std":4.0273215713
    },
    "service_time_mean":{
        "max":null,
        "mean":15.001653662,
        "median":15.0098826462,
        "std":0.0406438962
    }
}

{
    "id_total_unique_arrivals":{
        "mean":79461.2333333333,
        "std":294.5771584812,
        "max":80117.0,
        "min":78877.0,
        "median":79533.5
    },
    "id_total_patients_returned_to_queue":{
        "mean":92911.8666666667,
        "std":316.101220512,
        "max":93741.0,
        "min":92438.0,
        "median":92876.5
    },
    "id_total_patients_served":{
        "mean":69511.4666666667,
        "std":277.4302936164,
        "max":69947.0,
        "min":68931.0,
        "median":69557.0
    }
}

{
    "('queue_size_mean', 'mean')":{
        "total":16370.1395987654
    },
    "('queue_size_mean', 'std')":{
        "total":279.4542652521
    },
    "('queue_size_mean', 'median')":{
        "total":16325.8231481481
    },
    "('queue_size_max', 'mean')":{
        "total":23436.6333333333
    },
    "('queue_size_max', 'std')":{
        "total":335.7721398286
    },
    "('queue_size_max', 'max')":{
        "total":23971
    }
}

{
    "('utilization_mean', 'mean')":{
        "Single_Queue":1.0280351555
    },
    "('utilization_mean', 'std')":{
        "Single_Queue":0.0007009797
    },
    "('utilization_mean', 'median')":{
        "Single_Queue":1.027962874
    },
    "('utilization_max', 'mean')":{
        "Single_Queue":1.1186335284
    },
    "('utilization_max', 'std')":{
        "Single_Queue":0.0180648383
    },
    "('utilization_max', 'max')":{
        "Single_Queue":1.182858039
    }
}