{
    "Stage_1\/2":{
        "count_mean":1192.1666666667,
        "count_std":31.0784139893,
        "count_max":1259.0,
        "count_min":1111.0,
        "count_median":1193.0,
        "percentage_of_total_scans_mean":5.4064467044,
        "percentage_of_total_scans_std":0.142770084,
        "percentage_of_total_scans_max":5.6896240058,
        "percentage_of_total_scans_min":5.0506887303,
        "percentage_of_total_scans_median":5.4148799562,
        "percentage_of_positive_biopsies_mean":69.9992551986,
        "percentage_of_positive_biopsies_std":0.9150486538,
        "percentage_of_positive_biopsies_max":71.5869311552,
        "percentage_of_positive_biopsies_min":67.747440273,
        "percentage_of_positive_biopsies_median":70.2620495368
    },
    "Stage_3\/4":{
        "count_mean":510.8666666667,
        "count_std":17.2381560205,
        "count_max":567.0,
        "count_min":487.0,
        "count_median":506.0,
        "percentage_of_total_scans_mean":2.3167303148,
        "percentage_of_total_scans_std":0.0774946137,
        "percentage_of_total_scans_max":2.5584333544,
        "percentage_of_total_scans_min":2.2075944833,
        "percentage_of_total_scans_median":2.2981747475,
        "percentage_of_positive_biopsies_mean":30.0007448014,
        "percentage_of_positive_biopsies_std":0.9150486538,
        "percentage_of_positive_biopsies_max":32.252559727,
        "percentage_of_positive_biopsies_min":28.4130688448,
        "percentage_of_positive_biopsies_median":29.7379504632
    }
}

{
    "in_queue_mean":{
        "mean":1.632516924,
        "std":0.129940548,
        "median":1.6110561704,
        "max":null
    },
    "in_queue_max":{
        "mean":5.8529385795,
        "std":0.5697134233,
        "median":null,
        "max":7.3542571815
    },
    "in_system_mean":{
        "mean":1.6429346135,
        "std":0.1299772548,
        "median":1.6214546216,
        "max":null
    },
    "in_system_max":{
        "mean":5.8621948476,
        "std":0.5709394841,
        "median":null,
        "max":7.3787974438
    },
    "service_time_mean":{
        "mean":15.0014728706,
        "std":0.0958323237,
        "median":15.0016934498,
        "max":null
    }
}

{
    "('id', 'total_unique_arrivals')":{
        "mean":16128.6,
        "std":80.7497624636,
        "max":16298.0,
        "min":15992.0,
        "median":16116.5
    },
    "('id', 'total_patients_returned_to_queue')":{
        "mean":22051.3666666667,
        "std":123.5834168468,
        "max":22332.0,
        "min":21846.0,
        "median":22043.0
    }
}

{
    "('queue_size_mean', 'mean')":{
        "total":29.1395061728
    },
    "('queue_size_mean', 'std')":{
        "total":2.7365927386
    },
    "('queue_size_mean', 'median')":{
        "total":28.7222222222
    },
    "('queue_size_max', 'mean')":{
        "total":112.6
    },
    "('queue_size_max', 'std')":{
        "total":14.5260764335
    },
    "('queue_size_max', 'max')":{
        "total":155
    }
}

{
    "('utilization_mean', 'mean')":{
        "Single_Queue":0.6920124137
    },
    "('utilization_mean', 'std')":{
        "Single_Queue":0.004975806
    },
    "('utilization_mean', 'median')":{
        "Single_Queue":0.6917073578
    },
    "('utilization_max', 'mean')":{
        "Single_Queue":1.2185346104
    },
    "('utilization_max', 'std')":{
        "Single_Queue":0.0291524958
    },
    "('utilization_max', 'max')":{
        "Single_Queue":1.2982526181
    }
}