{
    "Stage_1\/2":{
        "count_mean":2685.5,
        "count_std":51.2066469285,
        "count_max":2788.0,
        "count_min":2597.0,
        "count_median":2687.0,
        "percentage_of_total_scans_mean":3.736207057,
        "percentage_of_total_scans_std":0.0669028275,
        "percentage_of_total_scans_max":3.8760444327,
        "percentage_of_total_scans_min":3.6260552197,
        "percentage_of_total_scans_median":3.7305867454,
        "percentage_of_positive_biopsies_mean":68.9500356546,
        "percentage_of_positive_biopsies_std":0.7843236953,
        "percentage_of_positive_biopsies_max":70.4649974451,
        "percentage_of_positive_biopsies_min":67.3091750193,
        "percentage_of_positive_biopsies_median":69.1745958714
    },
    "Stage_3\/4":{
        "count_mean":1209.3666666667,
        "count_std":36.1867601368,
        "count_max":1273.0,
        "count_min":1127.0,
        "count_median":1209.0,
        "percentage_of_total_scans_mean":1.6825531603,
        "percentage_of_total_scans_std":0.049837576,
        "percentage_of_total_scans_max":1.7679926612,
        "percentage_of_total_scans_min":1.5779893587,
        "percentage_of_total_scans_median":1.6838699173,
        "percentage_of_positive_biopsies_mean":31.0499643454,
        "percentage_of_positive_biopsies_std":0.7843236953,
        "percentage_of_positive_biopsies_max":32.6908249807,
        "percentage_of_positive_biopsies_min":29.5350025549,
        "percentage_of_positive_biopsies_median":30.8254041286
    }
}

{
    "in_queue_mean":{
        "max":null,
        "mean":136.2772357901,
        "median":135.9949188843,
        "std":3.249563252
    },
    "in_queue_max":{
        "max":203.7183559868,
        "mean":196.3985170095,
        "median":null,
        "std":4.2818146285
    },
    "in_system_mean":{
        "max":null,
        "mean":136.2876559656,
        "median":136.0053597136,
        "std":3.2495720212
    },
    "in_system_max":{
        "max":203.7252635613,
        "mean":196.4133740147,
        "median":null,
        "std":4.278587686
    },
    "service_time_mean":{
        "max":null,
        "mean":15.0050527842,
        "median":15.0036829413,
        "std":0.0474054913
    }
}

{
    "id_total_unique_arrivals":{
        "mean":72520.6666666667,
        "std":256.3572848024,
        "max":72951.0,
        "min":72008.0,
        "median":72532.0
    },
    "id_total_patients_returned_to_queue":{
        "mean":87349.8666666667,
        "std":286.2905123668,
        "max":87940.0,
        "min":86907.0,
        "median":87309.0
    },
    "id_total_patients_served":{
        "mean":72096.5333333333,
        "std":281.6905532958,
        "max":72688.0,
        "min":71620.0,
        "median":72112.5
    }
}

{
    "('queue_size_mean', 'mean')":{
        "total":10567.8128703704
    },
    "('queue_size_mean', 'std')":{
        "total":252.2757043207
    },
    "('queue_size_mean', 'median')":{
        "total":10501.8962962963
    },
    "('queue_size_max', 'mean')":{
        "total":15301.5333333333
    },
    "('queue_size_max', 'std')":{
        "total":325.4992699111
    },
    "('queue_size_max', 'max')":{
        "total":15904
    }
}

{
    "('utilization_mean', 'mean')":{
        "Single_Queue":1.0280065117
    },
    "('utilization_mean', 'std')":{
        "Single_Queue":0.0006392106
    },
    "('utilization_mean', 'median')":{
        "Single_Queue":1.0280417514
    },
    "('utilization_max', 'mean')":{
        "Single_Queue":1.1149064739
    },
    "('utilization_max', 'std')":{
        "Single_Queue":0.0139579622
    },
    "('utilization_max', 'max')":{
        "Single_Queue":1.149367849
    }
}