{
    "Stage_1\/2":{
        "count_mean":2618.7,
        "count_std":49.9283279415,
        "count_max":2763.0,
        "count_min":2498.0,
        "count_median":2612.5,
        "percentage_of_total_scans_mean":3.6697876817,
        "percentage_of_total_scans_std":0.0703630148,
        "percentage_of_total_scans_max":3.8501734877,
        "percentage_of_total_scans_min":3.48726826,
        "percentage_of_total_scans_median":3.6655672375,
        "percentage_of_positive_biopsies_mean":67.6321894115,
        "percentage_of_positive_biopsies_std":0.7320707665,
        "percentage_of_positive_biopsies_max":68.795620438,
        "percentage_of_positive_biopsies_min":66.5813715455,
        "percentage_of_positive_biopsies_median":67.5183538724
    },
    "Stage_3\/4":{
        "count_mean":1253.3,
        "count_std":35.395450711,
        "count_max":1306.0,
        "count_min":1193.0,
        "count_median":1261.5,
        "percentage_of_total_scans_mean":1.7563542653,
        "percentage_of_total_scans_std":0.0501020881,
        "percentage_of_total_scans_max":1.8430188253,
        "percentage_of_total_scans_min":1.6759619572,
        "percentage_of_total_scans_median":1.7640738012,
        "percentage_of_positive_biopsies_mean":32.3678105885,
        "percentage_of_positive_biopsies_std":0.7320707665,
        "percentage_of_positive_biopsies_max":33.4186284545,
        "percentage_of_positive_biopsies_min":31.204379562,
        "percentage_of_positive_biopsies_median":32.4816461276
    }
}

{
    "in_queue_mean":{
        "max":null,
        "mean":152.6009770173,
        "median":151.9499572087,
        "std":3.8667161149
    },
    "in_queue_max":{
        "max":235.4621692953,
        "mean":219.1112414073,
        "median":null,
        "std":5.2898016314
    },
    "in_system_mean":{
        "max":null,
        "mean":152.6113884895,
        "median":151.9603490289,
        "std":3.8667339285
    },
    "in_system_max":{
        "max":235.4756683501,
        "mean":219.1286582424,
        "median":null,
        "std":5.2906422376
    },
    "service_time_mean":{
        "max":null,
        "mean":14.9925200147,
        "median":14.9941600373,
        "std":0.0530534134
    }
}

{
    "id_total_unique_arrivals":{
        "mean":74258.5666666667,
        "std":308.4691549251,
        "max":74928.0,
        "min":73831.0,
        "median":74208.0
    },
    "id_total_patients_returned_to_queue":{
        "mean":88788.2333333333,
        "std":309.3865658467,
        "max":89394.0,
        "min":88241.0,
        "median":88724.0
    },
    "id_total_patients_served":{
        "mean":71578.2,
        "std":347.3540775238,
        "max":72085.0,
        "min":70984.0,
        "median":71629.5
    }
}

{
    "('queue_size_mean', 'mean')":{
        "total":11974.9634567901
    },
    "('queue_size_mean', 'std')":{
        "total":302.5501138999
    },
    "('queue_size_mean', 'median')":{
        "total":11945.0106481481
    },
    "('queue_size_max', 'mean')":{
        "total":17252.4
    },
    "('queue_size_max', 'std')":{
        "total":430.3620448589
    },
    "('queue_size_max', 'max')":{
        "total":18273
    }
}

{
    "('utilization_mean', 'mean')":{
        "Single_Queue":1.0280646727
    },
    "('utilization_mean', 'std')":{
        "Single_Queue":0.0007117797
    },
    "('utilization_mean', 'median')":{
        "Single_Queue":1.0280408064
    },
    "('utilization_max', 'mean')":{
        "Single_Queue":1.1207324835
    },
    "('utilization_max', 'std')":{
        "Single_Queue":0.0141349077
    },
    "('utilization_max', 'max')":{
        "Single_Queue":1.1512295015
    }
}