{
    "Stage_1\/2":{
        "count_mean":2817.7,
        "count_std":65.8892226026,
        "count_max":2998.0,
        "count_min":2655.0,
        "count_median":2815.5,
        "percentage_of_total_scans_mean":3.803079975,
        "percentage_of_total_scans_std":0.0926463679,
        "percentage_of_total_scans_max":4.0650296267,
        "percentage_of_total_scans_min":3.5624194933,
        "percentage_of_total_scans_median":3.7982806493,
        "percentage_of_positive_biopsies_mean":69.9976506743,
        "percentage_of_positive_biopsies_std":0.7960812826,
        "percentage_of_positive_biopsies_max":71.4651639344,
        "percentage_of_positive_biopsies_min":68.2519280206,
        "percentage_of_positive_biopsies_median":69.8612098775
    },
    "Stage_3\/4":{
        "count_mean":1207.5333333333,
        "count_std":33.8523501281,
        "count_max":1259.0,
        "count_min":1114.0,
        "count_median":1213.0,
        "percentage_of_total_scans_mean":1.6297336484,
        "percentage_of_total_scans_std":0.0438034941,
        "percentage_of_total_scans_max":1.7006389215,
        "percentage_of_total_scans_min":1.5126004779,
        "percentage_of_total_scans_median":1.6383260203,
        "percentage_of_positive_biopsies_mean":30.0023493257,
        "percentage_of_positive_biopsies_std":0.7960812826,
        "percentage_of_positive_biopsies_max":31.7480719794,
        "percentage_of_positive_biopsies_min":28.5348360656,
        "percentage_of_positive_biopsies_median":30.1387901225
    }
}

{
    "in_queue_mean":{
        "max":null,
        "mean":80.4360448038,
        "median":80.8846966151,
        "std":2.8918139325
    },
    "in_queue_max":{
        "max":129.4614721914,
        "mean":120.8559632662,
        "median":null,
        "std":4.9260191924
    },
    "in_system_mean":{
        "max":null,
        "mean":80.4464528837,
        "median":80.8951385543,
        "std":2.8918263326
    },
    "in_system_max":{
        "max":129.4734630556,
        "mean":120.8786808732,
        "median":null,
        "std":4.9214966349
    },
    "service_time_mean":{
        "max":null,
        "mean":14.9876349512,
        "median":14.9900242173,
        "std":0.0409212253
    }
}

{
    "id_total_unique_arrivals":{
        "mean":67314.4666666667,
        "std":305.5906359521,
        "max":67936.0,
        "min":66505.0,
        "median":67362.0
    },
    "id_total_patients_returned_to_queue":{
        "mean":83278.2,
        "std":318.6156911087,
        "max":83925.0,
        "min":82434.0,
        "median":83212.0
    },
    "id_total_patients_served":{
        "mean":74316.3666666667,
        "std":292.410019562,
        "max":74846.0,
        "min":73743.0,
        "median":74300.5
    }
}

{
    "('queue_size_mean', 'mean')":{
        "total":6036.9482407407
    },
    "('queue_size_mean', 'std')":{
        "total":225.8681544416
    },
    "('queue_size_mean', 'median')":{
        "total":6050.5333333333
    },
    "('queue_size_max', 'mean')":{
        "total":9032.4333333333
    },
    "('queue_size_max', 'std')":{
        "total":386.2607376776
    },
    "('queue_size_max', 'max')":{
        "total":9733
    }
}

{
    "('utilization_mean', 'mean')":{
        "Single_Queue":1.0281427905
    },
    "('utilization_mean', 'std')":{
        "Single_Queue":0.0008407422
    },
    "('utilization_mean', 'median')":{
        "Single_Queue":1.028038721
    },
    "('utilization_max', 'mean')":{
        "Single_Queue":1.1205516121
    },
    "('utilization_max', 'std')":{
        "Single_Queue":0.0156116625
    },
    "('utilization_max', 'max')":{
        "Single_Queue":1.1633039337
    }
}