{
    "Stage_1\/2":{
        "count_mean":2494.3,
        "count_std":48.6005179481,
        "count_max":2602.0,
        "count_min":2388.0,
        "count_median":2491.5,
        "percentage_of_total_scans_mean":3.561922897,
        "percentage_of_total_scans_std":0.0652996599,
        "percentage_of_total_scans_max":3.7039145907,
        "percentage_of_total_scans_min":3.4292114824,
        "percentage_of_total_scans_median":3.552937467,
        "percentage_of_positive_biopsies_mean":65.8935339242,
        "percentage_of_positive_biopsies_std":0.754284519,
        "percentage_of_positive_biopsies_max":67.3824408807,
        "percentage_of_positive_biopsies_min":64.4205558469,
        "percentage_of_positive_biopsies_median":66.0116685206
    },
    "Stage_3\/4":{
        "count_mean":1291.0333333333,
        "count_std":34.2953533932,
        "count_max":1357.0,
        "count_min":1200.0,
        "count_median":1288.0,
        "percentage_of_total_scans_mean":1.8436720452,
        "percentage_of_total_scans_std":0.0491220627,
        "percentage_of_total_scans_max":1.9439032776,
        "percentage_of_total_scans_min":1.717352415,
        "percentage_of_total_scans_median":1.8468798931,
        "percentage_of_positive_biopsies_mean":34.1064660758,
        "percentage_of_positive_biopsies_std":0.754284519,
        "percentage_of_positive_biopsies_max":35.5794441531,
        "percentage_of_positive_biopsies_min":32.6175591193,
        "percentage_of_positive_biopsies_median":33.9883314794
    }
}

{
    "in_queue_mean":{
        "max":null,
        "mean":185.501566453,
        "median":185.5323951883,
        "std":3.8070661811
    },
    "in_queue_max":{
        "max":273.4875940771,
        "mean":263.692589666,
        "median":null,
        "std":5.0311112287
    },
    "in_system_mean":{
        "max":null,
        "mean":185.5119791652,
        "median":185.542787843,
        "std":3.8070815324
    },
    "in_system_max":{
        "max":273.4943621178,
        "mean":263.7128530896,
        "median":null,
        "std":5.029215152
    },
    "service_time_mean":{
        "max":null,
        "mean":14.9943056641,
        "median":14.995453449,
        "std":0.0536130318
    }
}

{
    "id_total_unique_arrivals":{
        "mean":77740.5666666667,
        "std":292.4704150477,
        "max":78278.0,
        "min":77118.0,
        "median":77765.0
    },
    "id_total_patients_returned_to_queue":{
        "mean":91563.8333333333,
        "std":323.3215633597,
        "max":92195.0,
        "min":91050.0,
        "median":91554.0
    },
    "id_total_patients_served":{
        "mean":70240.4333333333,
        "std":329.2656074203,
        "max":71154.0,
        "min":69619.0,
        "median":70246.0
    }
}

{
    "('queue_size_mean', 'mean')":{
        "total":14879.1440123457
    },
    "('queue_size_mean', 'std')":{
        "total":301.3526951119
    },
    "('queue_size_mean', 'median')":{
        "total":14892.6398148148
    },
    "('queue_size_max', 'mean')":{
        "total":21353.4
    },
    "('queue_size_max', 'std')":{
        "total":437.0813543779
    },
    "('queue_size_max', 'max')":{
        "total":22028
    }
}

{
    "('utilization_mean', 'mean')":{
        "Single_Queue":1.0282938818
    },
    "('utilization_mean', 'std')":{
        "Single_Queue":0.0006778312
    },
    "('utilization_mean', 'median')":{
        "Single_Queue":1.0282836493
    },
    "('utilization_max', 'mean')":{
        "Single_Queue":1.1197432165
    },
    "('utilization_max', 'std')":{
        "Single_Queue":0.0173059842
    },
    "('utilization_max', 'max')":{
        "Single_Queue":1.1631572318
    }
}