{
    "Stage_1\/2":{
        "count_mean":2326.4666666667,
        "count_std":52.5571828703,
        "count_max":2424.0,
        "count_min":2218.0,
        "count_median":2326.0,
        "percentage_of_total_scans_mean":3.4878470587,
        "percentage_of_total_scans_std":0.0783990578,
        "percentage_of_total_scans_max":3.6324402086,
        "percentage_of_total_scans_min":3.3183225864,
        "percentage_of_total_scans_median":3.4941849797,
        "percentage_of_positive_biopsies_mean":63.9061107239,
        "percentage_of_positive_biopsies_std":0.7922624052,
        "percentage_of_positive_biopsies_max":65.8983615662,
        "percentage_of_positive_biopsies_min":62.558588365,
        "percentage_of_positive_biopsies_median":63.6554080565
    },
    "Stage_3\/4":{
        "count_mean":1313.9333333333,
        "count_std":36.3583062969,
        "count_max":1370.0,
        "count_min":1228.0,
        "count_median":1316.0,
        "percentage_of_total_scans_mean":1.969834566,
        "percentage_of_total_scans_std":0.0537502567,
        "percentage_of_total_scans_max":2.0461354104,
        "percentage_of_total_scans_min":1.8474221841,
        "percentage_of_total_scans_median":1.9752544877,
        "percentage_of_positive_biopsies_mean":36.0938892761,
        "percentage_of_positive_biopsies_std":0.7922624052,
        "percentage_of_positive_biopsies_max":37.441411635,
        "percentage_of_positive_biopsies_min":34.1016384338,
        "percentage_of_positive_biopsies_median":36.3445919435
    }
}

{
    "in_queue_mean":{
        "max":null,
        "mean":262.1482012431,
        "median":262.2471474583,
        "std":2.8210007324
    },
    "in_queue_max":{
        "max":377.8942535933,
        "mean":367.7109846511,
        "median":null,
        "std":3.4646751385
    },
    "in_system_mean":{
        "max":null,
        "mean":262.1586234645,
        "median":262.2575673691,
        "std":2.8210103907
    },
    "in_system_max":{
        "max":377.9127411554,
        "mean":367.7368354986,
        "median":null,
        "std":3.4624097025
    },
    "service_time_mean":{
        "max":null,
        "mean":15.0079989149,
        "median":15.0042527762,
        "std":0.0495033715
    }
}

{
    "id_total_unique_arrivals":{
        "mean":86400.4666666667,
        "std":217.2179476508,
        "max":86830.0,
        "min":86057.0,
        "median":86381.0
    },
    "id_total_patients_returned_to_queue":{
        "mean":98552.9666666667,
        "std":252.929659478,
        "max":99224.0,
        "min":98158.0,
        "median":98566.0
    },
    "id_total_patients_served":{
        "mean":66905.1666666667,
        "std":309.7705583986,
        "max":67772.0,
        "min":66032.0,
        "median":66944.0
    }
}

{
    "('queue_size_mean', 'mean')":{
        "total":22168.2868209877
    },
    "('queue_size_mean', 'std')":{
        "total":228.2706145274
    },
    "('queue_size_mean', 'median')":{
        "total":22118.5199074074
    },
    "('queue_size_max', 'mean')":{
        "total":31669.9333333333
    },
    "('queue_size_max', 'std')":{
        "total":345.1991862113
    },
    "('queue_size_max', 'max')":{
        "total":32515
    }
}

{
    "('utilization_mean', 'mean')":{
        "Single_Queue":1.028301189
    },
    "('utilization_mean', 'std')":{
        "Single_Queue":0.0004958445
    },
    "('utilization_mean', 'median')":{
        "Single_Queue":1.0283214614
    },
    "('utilization_max', 'mean')":{
        "Single_Queue":1.119757775
    },
    "('utilization_max', 'std')":{
        "Single_Queue":0.0163583959
    },
    "('utilization_max', 'max')":{
        "Single_Queue":1.1559823851
    }
}