{
    "Stage_1\/2":{
        "count_mean":2563.3666666667,
        "count_std":45.8486891727,
        "count_max":2650.0,
        "count_min":2473.0,
        "count_median":2562.5,
        "percentage_of_total_scans_mean":3.6289797407,
        "percentage_of_total_scans_std":0.0603008838,
        "percentage_of_total_scans_max":3.7660233636,
        "percentage_of_total_scans_min":3.5143315949,
        "percentage_of_total_scans_median":3.6242636418,
        "percentage_of_positive_biopsies_mean":66.7874240056,
        "percentage_of_positive_biopsies_std":0.7901018672,
        "percentage_of_positive_biopsies_max":68.0195222194,
        "percentage_of_positive_biopsies_min":64.9895724713,
        "percentage_of_positive_biopsies_median":66.7364110852
    },
    "Stage_3\/4":{
        "count_mean":1274.8666666667,
        "count_std":39.5881672789,
        "count_max":1343.0,
        "count_min":1198.0,
        "count_median":1271.0,
        "percentage_of_total_scans_mean":1.8049068863,
        "percentage_of_total_scans_std":0.0569730924,
        "percentage_of_total_scans_max":1.9090534336,
        "percentage_of_total_scans_min":1.7028171817,
        "percentage_of_total_scans_median":1.7930041556,
        "percentage_of_positive_biopsies_mean":33.2125759944,
        "percentage_of_positive_biopsies_std":0.7901018672,
        "percentage_of_positive_biopsies_max":35.0104275287,
        "percentage_of_positive_biopsies_min":31.9804777806,
        "percentage_of_positive_biopsies_median":33.2635889148
    }
}

{
    "in_queue_mean":{
        "max":null,
        "mean":169.6392626943,
        "median":170.0427440102,
        "std":3.8001244503
    },
    "in_queue_max":{
        "max":250.8123942588,
        "mean":242.8652754116,
        "median":null,
        "std":4.6353274372
    },
    "in_system_mean":{
        "max":null,
        "mean":169.6496824279,
        "median":170.0531282563,
        "std":3.8001358546
    },
    "in_system_max":{
        "max":250.8508923832,
        "mean":242.8842363684,
        "median":null,
        "std":4.639606154
    },
    "service_time_mean":{
        "max":null,
        "mean":15.004416402,
        "median":15.0171614689,
        "std":0.0499866475
    }
}

{
    "id_total_unique_arrivals":{
        "mean":76109.2666666667,
        "std":280.9800500138,
        "max":76811.0,
        "min":75585.0,
        "median":76073.0
    },
    "id_total_patients_returned_to_queue":{
        "mean":90281.5666666667,
        "std":318.3527303472,
        "max":91038.0,
        "min":89865.0,
        "median":90219.0
    },
    "id_total_patients_served":{
        "mean":70852.7,
        "std":328.4308723781,
        "max":71519.0,
        "min":70229.0,
        "median":70838.0
    }
}

{
    "('queue_size_mean', 'mean')":{
        "total":13473.9180555556
    },
    "('queue_size_mean', 'std')":{
        "total":302.1025735124
    },
    "('queue_size_mean', 'median')":{
        "total":13503.9736111111
    },
    "('queue_size_max', 'mean')":{
        "total":19463.4333333333
    },
    "('queue_size_max', 'std')":{
        "total":410.9611680064
    },
    "('queue_size_max', 'max')":{
        "total":20218
    }
}

{
    "('utilization_mean', 'mean')":{
        "Single_Queue":1.0281847199
    },
    "('utilization_mean', 'std')":{
        "Single_Queue":0.0005342244
    },
    "('utilization_mean', 'median')":{
        "Single_Queue":1.0281980451
    },
    "('utilization_max', 'mean')":{
        "Single_Queue":1.1251081403
    },
    "('utilization_max', 'std')":{
        "Single_Queue":0.0199133937
    },
    "('utilization_max', 'max')":{
        "Single_Queue":1.1872913062
    }
}