{
    "Stage_1\/2":{
        "count_mean":2788.3333333333,
        "count_std":57.079698265,
        "count_max":2872.0,
        "count_min":2687.0,
        "count_median":2799.5,
        "percentage_of_total_scans_mean":3.7902397017,
        "percentage_of_total_scans_std":0.0801675326,
        "percentage_of_total_scans_max":3.934606402,
        "percentage_of_total_scans_min":3.6418096555,
        "percentage_of_total_scans_median":3.8112466513,
        "percentage_of_positive_biopsies_mean":69.9727037195,
        "percentage_of_positive_biopsies_std":0.8899024349,
        "percentage_of_positive_biopsies_max":71.5655780197,
        "percentage_of_positive_biopsies_min":68.5461441214,
        "percentage_of_positive_biopsies_median":69.9789562607
    },
    "Stage_3\/4":{
        "count_mean":1196.7,
        "count_std":44.3816908506,
        "count_max":1268.0,
        "count_min":1097.0,
        "count_median":1207.5,
        "percentage_of_total_scans_mean":1.6267073614,
        "percentage_of_total_scans_std":0.0611088885,
        "percentage_of_total_scans_max":1.725170068,
        "percentage_of_total_scans_min":1.4882648216,
        "percentage_of_total_scans_median":1.6355233856,
        "percentage_of_positive_biopsies_mean":30.0272962805,
        "percentage_of_positive_biopsies_std":0.8899024349,
        "percentage_of_positive_biopsies_max":31.4538558786,
        "percentage_of_positive_biopsies_min":28.4344219803,
        "percentage_of_positive_biopsies_median":30.0210437393
    }
}

{
    "in_queue_mean":{
        "mean":99.3400021209,
        "std":3.9729617561,
        "median":100.0451390608,
        "max":null
    },
    "in_queue_max":{
        "mean":145.6029034312,
        "std":5.3735421608,
        "median":null,
        "max":160.4554021232
    },
    "in_system_mean":{
        "mean":99.3504149259,
        "std":3.9729713071,
        "median":100.0555390994,
        "max":null
    },
    "in_system_max":{
        "mean":145.6206553913,
        "std":5.377321964,
        "median":null,
        "max":160.4750406834
    },
    "service_time_mean":{
        "mean":14.9944391895,
        "std":0.0579437304,
        "median":14.9961304379,
        "max":null
    }
}

{
    "('id', 'total_unique_arrivals')":{
        "mean":63257.6,
        "std":175.9407423753,
        "max":63513.0,
        "min":62904.0,
        "median":63292.0
    },
    "('id', 'total_patients_returned_to_queue')":{
        "mean":73568.0666666667,
        "std":376.9609815474,
        "max":74586.0,
        "min":72790.0,
        "median":73540.5
    }
}

{
    "('queue_size_mean', 'mean')":{
        "total":7527.7583950617
    },
    "('queue_size_mean', 'std')":{
        "total":302.7695756979
    },
    "('queue_size_mean', 'median')":{
        "total":7567.562037037
    },
    "('queue_size_max', 'mean')":{
        "total":11016.8666666667
    },
    "('queue_size_max', 'std')":{
        "total":418.2094619004
    },
    "('queue_size_max', 'max')":{
        "total":12020
    }
}

{
    "('utilization_mean', 'mean')":{
        "Single_Queue":0.8946554039
    },
    "('utilization_mean', 'std')":{
        "Single_Queue":0.0016734143
    },
    "('utilization_mean', 'median')":{
        "Single_Queue":0.8942994851
    },
    "('utilization_max', 'mean')":{
        "Single_Queue":1.1254454321
    },
    "('utilization_max', 'std')":{
        "Single_Queue":0.0163746603
    },
    "('utilization_max', 'max')":{
        "Single_Queue":1.1642863459
    }
}