{
    "Stage_1\/2":{
        "count_mean":2858.2666666667,
        "count_std":60.2265454896,
        "count_max":2955.0,
        "count_min":2713.0,
        "count_median":2862.5,
        "percentage_of_total_scans_mean":3.8007752416,
        "percentage_of_total_scans_std":0.0775823099,
        "percentage_of_total_scans_max":3.9151213408,
        "percentage_of_total_scans_min":3.6218727472,
        "percentage_of_total_scans_median":3.8155919927,
        "percentage_of_positive_biopsies_mean":69.9072326082,
        "percentage_of_positive_biopsies_std":0.7378459729,
        "percentage_of_positive_biopsies_max":70.9483793517,
        "percentage_of_positive_biopsies_min":68.3603338243,
        "percentage_of_positive_biopsies_median":70.1235819917
    },
    "Stage_3\/4":{
        "count_mean":1230.1333333333,
        "count_std":27.5765184136,
        "count_max":1289.0,
        "count_min":1183.0,
        "count_median":1227.0,
        "percentage_of_total_scans_mean":1.6357849293,
        "percentage_of_total_scans_std":0.0364859106,
        "percentage_of_total_scans_max":1.7154416364,
        "percentage_of_total_scans_min":1.5785119556,
        "percentage_of_total_scans_median":1.6302608963,
        "percentage_of_positive_biopsies_mean":30.0927673918,
        "percentage_of_positive_biopsies_std":0.7378459729,
        "percentage_of_positive_biopsies_max":31.6396661757,
        "percentage_of_positive_biopsies_min":29.0516206483,
        "percentage_of_positive_biopsies_median":29.8764180083
    }
}

{
    "in_queue_mean":{
        "max":null,
        "mean":44.1211370245,
        "median":44.7314225417,
        "std":2.9399304082
    },
    "in_queue_max":{
        "max":77.3764778305,
        "mean":68.1455783555,
        "median":null,
        "std":3.8377113154
    },
    "in_system_mean":{
        "max":null,
        "mean":44.131551196,
        "median":44.7418161635,
        "std":2.9399344793
    },
    "in_system_max":{
        "max":77.3873455914,
        "mean":68.1636298625,
        "median":null,
        "std":3.8381593724
    },
    "service_time_mean":{
        "max":null,
        "mean":14.9964069406,
        "median":14.9964116771,
        "std":0.0420635181
    }
}

{
    "id_total_unique_arrivals":{
        "mean":63788.9,
        "std":207.2290669933,
        "max":64109.0,
        "min":63278.0,
        "median":63815.5
    },
    "id_total_patients_returned_to_queue":{
        "mean":80276.3,
        "std":218.4258968479,
        "max":80686.0,
        "min":79714.0,
        "median":80316.5
    },
    "id_total_patients_served":{
        "mean":75424.2666666667,
        "std":235.9546907607,
        "max":75970.0,
        "min":75038.0,
        "median":75385.5
    }
}

{
    "('queue_size_mean', 'mean')":{
        "total":3215.9635185185
    },
    "('queue_size_mean', 'std')":{
        "total":215.1421055938
    },
    "('queue_size_mean', 'median')":{
        "total":3263.4740740741
    },
    "('queue_size_max', 'mean')":{
        "total":4925.9
    },
    "('queue_size_max', 'std')":{
        "total":289.5953597933
    },
    "('queue_size_max', 'max')":{
        "total":5563
    }
}

{
    "('utilization_mean', 'mean')":{
        "Single_Queue":1.0281044099
    },
    "('utilization_mean', 'std')":{
        "Single_Queue":0.0005378566
    },
    "('utilization_mean', 'median')":{
        "Single_Queue":1.0281268693
    },
    "('utilization_max', 'mean')":{
        "Single_Queue":1.115638292
    },
    "('utilization_max', 'std')":{
        "Single_Queue":0.0148137661
    },
    "('utilization_max', 'max')":{
        "Single_Queue":1.1555945553
    }
}