{
    "Stage_1\/2":{
        "count_mean":3583.6666666667,
        "count_std":52.698448144,
        "count_max":3732.0,
        "count_min":3439.0,
        "count_median":3587.0,
        "percentage_of_total_scans_mean":5.4178935423,
        "percentage_of_total_scans_std":0.0802159956,
        "percentage_of_total_scans_max":5.628874376,
        "percentage_of_total_scans_min":5.1900033202,
        "percentage_of_total_scans_median":5.4151850724,
        "percentage_of_positive_biopsies_mean":69.9687791521,
        "percentage_of_positive_biopsies_std":0.6766610063,
        "percentage_of_positive_biopsies_max":71.6589861751,
        "percentage_of_positive_biopsies_min":68.6153232243,
        "percentage_of_positive_biopsies_median":70.1077037545
    },
    "Stage_3\/4":{
        "count_mean":1538.0666666667,
        "count_std":35.456562384,
        "count_max":1606.0,
        "count_min":1476.0,
        "count_median":1535.5,
        "percentage_of_total_scans_mean":2.3252852424,
        "percentage_of_total_scans_std":0.0533375795,
        "percentage_of_total_scans_max":2.4370257967,
        "percentage_of_total_scans_min":2.2262107661,
        "percentage_of_total_scans_median":2.3215085902,
        "percentage_of_positive_biopsies_mean":30.0312208479,
        "percentage_of_positive_biopsies_std":0.6766610063,
        "percentage_of_positive_biopsies_max":31.3846767757,
        "percentage_of_positive_biopsies_min":28.3410138249,
        "percentage_of_positive_biopsies_median":29.8922962455
    }
}

{
    "in_queue_mean":{
        "mean":1.4539418889,
        "std":0.0510937848,
        "median":1.4417248375,
        "max":null
    },
    "in_queue_max":{
        "mean":4.8677030162,
        "std":0.4586828096,
        "median":null,
        "max":5.8793655617
    },
    "in_system_mean":{
        "mean":1.4643535483,
        "std":0.0511014898,
        "median":1.4521125548,
        "max":null
    },
    "in_system_max":{
        "mean":4.8907554225,
        "std":0.4564890083,
        "median":null,
        "max":5.9121186131
    },
    "service_time_mean":{
        "mean":14.9927895984,
        "std":0.051471303,
        "median":14.9955993826,
        "max":null
    }
}

{
    "('id', 'total_unique_arrivals')":{
        "mean":48371.2666666667,
        "std":203.5893319699,
        "max":48836.0,
        "min":47934.0,
        "median":48377.0
    },
    "('id', 'total_patients_returned_to_queue')":{
        "mean":66145.7,
        "std":276.8217589116,
        "max":66800.0,
        "min":65576.0,
        "median":66139.5
    }
}

{
    "('queue_size_mean', 'mean')":{
        "total":76.4455246914
    },
    "('queue_size_mean', 'std')":{
        "total":3.3704790665
    },
    "('queue_size_mean', 'median')":{
        "total":75.387962963
    },
    "('queue_size_max', 'mean')":{
        "total":252.0666666667
    },
    "('queue_size_max', 'std')":{
        "total":33.1308100522
    },
    "('queue_size_max', 'max')":{
        "total":327
    }
}

{
    "('utilization_mean', 'mean')":{
        "Single_Queue":0.6912170231
    },
    "('utilization_mean', 'std')":{
        "Single_Queue":0.0040425734
    },
    "('utilization_mean', 'median')":{
        "Single_Queue":0.6906838916
    },
    "('utilization_max', 'mean')":{
        "Single_Queue":1.1171527432
    },
    "('utilization_max', 'std')":{
        "Single_Queue":0.0121685123
    },
    "('utilization_max', 'max')":{
        "Single_Queue":1.1401949846
    }
}