{
    "Stage_1\/2":{
        "count_mean":2689.1333333333,
        "count_std":69.6115989807,
        "count_max":2800.0,
        "count_min":2505.0,
        "count_median":2693.0,
        "percentage_of_total_scans_mean":3.7954161979,
        "percentage_of_total_scans_std":0.0896796164,
        "percentage_of_total_scans_max":3.9205253504,
        "percentage_of_total_scans_min":3.5394353859,
        "percentage_of_total_scans_median":3.803116303,
        "percentage_of_positive_biopsies_mean":70.1348326887,
        "percentage_of_positive_biopsies_std":0.8987918178,
        "percentage_of_positive_biopsies_max":71.875,
        "percentage_of_positive_biopsies_min":68.6583088824,
        "percentage_of_positive_biopsies_median":70.1890193839
    },
    "Stage_3\/4":{
        "count_mean":1145.0333333333,
        "count_std":41.3875571284,
        "count_max":1229.0,
        "count_min":1080.0,
        "count_median":1144.5,
        "percentage_of_total_scans_mean":1.6161502454,
        "percentage_of_total_scans_std":0.0576304039,
        "percentage_of_total_scans_max":1.7309371567,
        "percentage_of_total_scans_min":1.5158958523,
        "percentage_of_total_scans_median":1.6151581327,
        "percentage_of_positive_biopsies_mean":29.8651673113,
        "percentage_of_positive_biopsies_std":0.8987918178,
        "percentage_of_positive_biopsies_max":31.3416911176,
        "percentage_of_positive_biopsies_min":28.125,
        "percentage_of_positive_biopsies_median":29.8109806161
    }
}

{
    "in_queue_mean":{
        "max":null,
        "mean":120.3108201962,
        "median":119.8828748245,
        "std":3.2302403601
    },
    "in_queue_max":{
        "max":174.833710074,
        "mean":166.516708554,
        "median":null,
        "std":4.4608640768
    },
    "in_system_mean":{
        "max":null,
        "mean":120.3212326892,
        "median":119.8932937239,
        "std":3.2302547238
    },
    "in_system_max":{
        "max":174.8660265681,
        "mean":166.5369694235,
        "median":null,
        "std":4.4598518449
    },
    "service_time_mean":{
        "max":null,
        "mean":14.9939899304,
        "median":14.9998121605,
        "std":0.0565450919
    }
}

{
    "id_total_unique_arrivals":{
        "mean":58058.6666666667,
        "std":280.8201453297,
        "max":58592.0,
        "min":57477.0,
        "median":58059.0
    },
    "id_total_patients_returned_to_queue":{
        "mean":83834.3333333333,
        "std":358.1136723149,
        "max":84615.0,
        "min":83073.0,
        "median":83885.0
    },
    "id_total_patients_served":{
        "mean":71069.9666666667,
        "std":358.3680908029,
        "max":71682.0,
        "min":70390.0,
        "median":71020.5
    }
}

{
    "('queue_size_mean', 'mean')":{
        "total":9059.9980246914
    },
    "('queue_size_mean', 'std')":{
        "total":246.8037736162
    },
    "('queue_size_mean', 'median')":{
        "total":9058.9611111111
    },
    "('queue_size_max', 'mean')":{
        "total":12892.6333333333
    },
    "('queue_size_max', 'std')":{
        "total":354.9425872305
    },
    "('queue_size_max', 'max')":{
        "total":13578
    }
}

{
    "('utilization_mean', 'mean')":{
        "Single_Queue":1.0280242462
    },
    "('utilization_mean', 'std')":{
        "Single_Queue":0.0007229233
    },
    "('utilization_mean', 'median')":{
        "Single_Queue":1.0282217912
    },
    "('utilization_max', 'mean')":{
        "Single_Queue":1.1170444879
    },
    "('utilization_max', 'std')":{
        "Single_Queue":0.0115136839
    },
    "('utilization_max', 'max')":{
        "Single_Queue":1.1513205334
    }
}