{
    "Stage_1\/2":{
        "count_mean":2070.8,
        "count_std":44.5160955006,
        "count_max":2150.0,
        "count_min":1972.0,
        "count_median":2068.5,
        "percentage_of_total_scans_mean":3.3621895732,
        "percentage_of_total_scans_std":0.0685506059,
        "percentage_of_total_scans_max":3.4969043797,
        "percentage_of_total_scans_min":3.2112033871,
        "percentage_of_total_scans_median":3.3631357245,
        "percentage_of_positive_biopsies_mean":61.9056988844,
        "percentage_of_positive_biopsies_std":0.7065241111,
        "percentage_of_positive_biopsies_max":63.7019230769,
        "percentage_of_positive_biopsies_min":60.7068607069,
        "percentage_of_positive_biopsies_median":61.6833827979
    },
    "Stage_3\/4":{
        "count_mean":1274.3666666667,
        "count_std":36.1352663096,
        "count_max":1332.0,
        "count_min":1202.0,
        "count_median":1271.0,
        "percentage_of_total_scans_mean":2.0690916332,
        "percentage_of_total_scans_std":0.0572223721,
        "percentage_of_total_scans_max":2.1790177179,
        "percentage_of_total_scans_min":1.963186176,
        "percentage_of_total_scans_median":2.0685387216,
        "percentage_of_positive_biopsies_mean":38.0943011156,
        "percentage_of_positive_biopsies_std":0.7065241111,
        "percentage_of_positive_biopsies_max":39.2931392931,
        "percentage_of_positive_biopsies_min":36.2980769231,
        "percentage_of_positive_biopsies_median":38.3166172021
    }
}

{
    "in_queue_mean":{
        "max":null,
        "mean":292.5810809196,
        "median":292.8815244427,
        "std":3.6237127631
    },
    "in_queue_max":{
        "max":394.4727475893,
        "mean":383.9513877493,
        "median":null,
        "std":5.1431589041
    },
    "in_system_mean":{
        "max":null,
        "mean":292.5914962081,
        "median":292.891945,
        "std":3.623730414
    },
    "in_system_max":{
        "max":394.496236476,
        "mean":383.968007583,
        "median":null,
        "std":5.1470021772
    },
    "service_time_mean":{
        "max":null,
        "mean":14.9980153856,
        "median":14.9933213768,
        "std":0.0571302653
    }
}

{
    "id_total_unique_arrivals":{
        "mean":73704.8,
        "std":305.1625231205,
        "max":74341.0,
        "min":73024.0,
        "median":73724.5
    },
    "id_total_patients_returned_to_queue":{
        "mean":95652.6333333333,
        "std":318.3362441944,
        "max":96271.0,
        "min":94999.0,
        "median":95639.0
    },
    "id_total_patients_served":{
        "mean":61777.9333333333,
        "std":347.0882758959,
        "max":62424.0,
        "min":61103.0,
        "median":61845.5
    }
}

{
    "('queue_size_mean', 'mean')":{
        "total":24126.3716049383
    },
    "('queue_size_mean', 'std')":{
        "total":307.4913919324
    },
    "('queue_size_mean', 'median')":{
        "total":24112.2847222222
    },
    "('queue_size_max', 'mean')":{
        "total":33960.9666666667
    },
    "('queue_size_max', 'std')":{
        "total":454.3004841347
    },
    "('queue_size_max', 'max')":{
        "total":34976
    }
}

{
    "('utilization_mean', 'mean')":{
        "Single_Queue":1.0279950683
    },
    "('utilization_mean', 'std')":{
        "Single_Queue":0.0008498763
    },
    "('utilization_mean', 'median')":{
        "Single_Queue":1.0278712172
    },
    "('utilization_max', 'mean')":{
        "Single_Queue":1.1196357041
    },
    "('utilization_max', 'std')":{
        "Single_Queue":0.0165199031
    },
    "('utilization_max', 'max')":{
        "Single_Queue":1.156317019
    }
}