{
    "Stage_1\/2":{
        "count_mean":2680.1,
        "count_std":53.763434568,
        "count_max":2771.0,
        "count_min":2575.0,
        "count_median":2685.0,
        "percentage_of_total_scans_mean":3.7727899805,
        "percentage_of_total_scans_std":0.0790875786,
        "percentage_of_total_scans_max":3.9335651927,
        "percentage_of_total_scans_min":3.6177416862,
        "percentage_of_total_scans_median":3.7768548874,
        "percentage_of_positive_biopsies_mean":70.0210438863,
        "percentage_of_positive_biopsies_std":0.9001446196,
        "percentage_of_positive_biopsies_max":71.9553362763,
        "percentage_of_positive_biopsies_min":68.0650235973,
        "percentage_of_positive_biopsies_median":70.0642493479
    },
    "Stage_3\/4":{
        "count_mean":1147.4333333333,
        "count_std":37.6340668611,
        "count_max":1218.0,
        "count_min":1080.0,
        "count_median":1156.0,
        "percentage_of_total_scans_mean":1.6152312093,
        "percentage_of_total_scans_std":0.0534316017,
        "percentage_of_total_scans_max":1.7296713908,
        "percentage_of_total_scans_min":1.5224719101,
        "percentage_of_total_scans_median":1.6239213479,
        "percentage_of_positive_biopsies_mean":29.9789561137,
        "percentage_of_positive_biopsies_std":0.9001446196,
        "percentage_of_positive_biopsies_max":31.9349764027,
        "percentage_of_positive_biopsies_min":28.0446637237,
        "percentage_of_positive_biopsies_median":29.9357506521
    }
}

{
    "in_queue_mean":{
        "mean":120.503078218,
        "std":5.1670896273,
        "median":120.9864496848,
        "max":null
    },
    "in_queue_max":{
        "mean":166.579027872,
        "std":6.4025360192,
        "median":null,
        "max":181.4435147044
    },
    "in_system_mean":{
        "mean":120.5134951978,
        "std":5.1670918889,
        "median":120.9968504497,
        "max":null
    },
    "in_system_max":{
        "mean":166.5968966194,
        "std":6.4015812348,
        "median":null,
        "max":181.4499051818
    },
    "service_time_mean":{
        "mean":15.000450933,
        "std":0.0517813061,
        "median":15.0002527255,
        "max":null
    }
}

{
    "('id', 'total_unique_arrivals')":{
        "mean":51496.9,
        "std":185.476896972,
        "max":51912.0,
        "min":51131.0,
        "median":51467.5
    },
    "('id', 'total_patients_returned_to_queue')":{
        "mean":71039.7,
        "std":346.3082292629,
        "max":71539.0,
        "min":70125.0,
        "median":71156.5
    }
}

{
    "('queue_size_mean', 'mean')":{
        "total":9070.4333024691
    },
    "('queue_size_mean', 'std')":{
        "total":396.7406054706
    },
    "('queue_size_mean', 'median')":{
        "total":9143.9916666667
    },
    "('queue_size_max', 'mean')":{
        "total":12873.4666666667
    },
    "('queue_size_max', 'std')":{
        "total":493.1562481176
    },
    "('queue_size_max', 'max')":{
        "total":14013
    }
}

{
    "('utilization_mean', 'mean')":{
        "Single_Queue":0.9590474301
    },
    "('utilization_mean', 'std')":{
        "Single_Queue":0.0013465867
    },
    "('utilization_mean', 'median')":{
        "Single_Queue":0.9591109076
    },
    "('utilization_max', 'mean')":{
        "Single_Queue":1.1278400656
    },
    "('utilization_max', 'std')":{
        "Single_Queue":0.0135187562
    },
    "('utilization_max', 'max')":{
        "Single_Queue":1.167478957
    }
}