{
    "Stage_1\/2":{
        "count_mean":2176.5666666667,
        "count_std":41.5191549756,
        "count_max":2258.0,
        "count_min":2096.0,
        "count_median":2169.0,
        "percentage_of_total_scans_mean":3.418210207,
        "percentage_of_total_scans_std":0.0630253173,
        "percentage_of_total_scans_max":3.5410720447,
        "percentage_of_total_scans_min":3.2927153561,
        "percentage_of_total_scans_median":3.4138938322,
        "percentage_of_positive_biopsies_mean":62.8957264324,
        "percentage_of_positive_biopsies_std":0.518060495,
        "percentage_of_positive_biopsies_max":63.9792686438,
        "percentage_of_positive_biopsies_min":61.9047619048,
        "percentage_of_positive_biopsies_median":62.8679568026
    },
    "Stage_3\/4":{
        "count_mean":1284.0666666667,
        "count_std":30.1775588388,
        "count_max":1336.0,
        "count_min":1229.0,
        "count_median":1279.0,
        "percentage_of_total_scans_mean":2.0166021324,
        "percentage_of_total_scans_std":0.0476211573,
        "percentage_of_total_scans_max":2.0985501783,
        "percentage_of_total_scans_min":1.9339711714,
        "percentage_of_total_scans_median":2.0031550965,
        "percentage_of_positive_biopsies_mean":37.1042735676,
        "percentage_of_positive_biopsies_std":0.518060495,
        "percentage_of_positive_biopsies_max":38.0952380952,
        "percentage_of_positive_biopsies_min":36.0207313562,
        "percentage_of_positive_biopsies_median":37.1320431974
    }
}

{
    "in_queue_mean":{
        "max":null,
        "mean":256.8546405447,
        "median":256.8486497386,
        "std":4.1750868314
    },
    "in_queue_max":{
        "max":351.3469979048,
        "mean":340.7073519283,
        "median":null,
        "std":5.2776557954
    },
    "in_system_mean":{
        "max":null,
        "mean":256.8650535293,
        "median":256.8590886638,
        "std":4.1750978371
    },
    "in_system_max":{
        "max":351.3695348343,
        "mean":340.7290021853,
        "median":null,
        "std":5.274618816
    },
    "service_time_mean":{
        "max":null,
        "mean":14.9946978951,
        "median":15.0042591296,
        "std":0.057416973
    }
}

{
    "id_total_unique_arrivals":{
        "mean":70180.4,
        "std":286.1571306962,
        "max":70925.0,
        "min":69711.0,
        "median":70131.5
    },
    "id_total_patients_returned_to_queue":{
        "mean":93043.6666666667,
        "std":289.086591649,
        "max":93508.0,
        "min":92505.0,
        "median":93031.0
    },
    "id_total_patients_served":{
        "mean":63872.7,
        "std":378.7830923292,
        "max":64906.0,
        "min":63143.0,
        "median":63925.0
    }
}

{
    "('queue_size_mean', 'mean')":{
        "total":20791.799691358
    },
    "('queue_size_mean', 'std')":{
        "total":338.9935125121
    },
    "('queue_size_mean', 'median')":{
        "total":20839.337037037
    },
    "('queue_size_max', 'mean')":{
        "total":29263.8
    },
    "('queue_size_max', 'std')":{
        "total":429.7954926674
    },
    "('queue_size_max', 'max')":{
        "total":30459
    }
}

{
    "('utilization_mean', 'mean')":{
        "Single_Queue":1.0280503528
    },
    "('utilization_mean', 'std')":{
        "Single_Queue":0.0008374718
    },
    "('utilization_mean', 'median')":{
        "Single_Queue":1.0281479364
    },
    "('utilization_max', 'mean')":{
        "Single_Queue":1.1205588117
    },
    "('utilization_max', 'std')":{
        "Single_Queue":0.0199846395
    },
    "('utilization_max', 'max')":{
        "Single_Queue":1.1640923976
    }
}