{
    "Stage_1\/2":{
        "count_mean":2305.1333333333,
        "count_std":46.1509766276,
        "count_max":2396.0,
        "count_min":2225.0,
        "count_median":2313.5,
        "percentage_of_total_scans_mean":3.5060903488,
        "percentage_of_total_scans_std":0.0727491508,
        "percentage_of_total_scans_max":3.6304680516,
        "percentage_of_total_scans_min":3.3725050731,
        "percentage_of_total_scans_median":3.5141583155,
        "percentage_of_positive_biopsies_mean":64.6327276899,
        "percentage_of_positive_biopsies_std":0.9905075065,
        "percentage_of_positive_biopsies_max":66.4263931245,
        "percentage_of_positive_biopsies_min":62.4651422197,
        "percentage_of_positive_biopsies_median":64.5205429971
    },
    "Stage_3\/4":{
        "count_mean":1261.4333333333,
        "count_std":40.9572387045,
        "count_max":1358.0,
        "count_min":1192.0,
        "count_median":1261.0,
        "percentage_of_total_scans_mean":1.9185984791,
        "percentage_of_total_scans_std":0.0622118024,
        "percentage_of_total_scans_max":2.0562360886,
        "percentage_of_total_scans_min":1.8162979216,
        "percentage_of_total_scans_median":1.9147004489,
        "percentage_of_positive_biopsies_mean":35.3672723101,
        "percentage_of_positive_biopsies_std":0.9905075065,
        "percentage_of_positive_biopsies_max":37.5348577803,
        "percentage_of_positive_biopsies_min":33.5736068755,
        "percentage_of_positive_biopsies_median":35.4794570029
    }
}

{
    "in_queue_mean":{
        "max":null,
        "mean":219.0957820046,
        "median":219.1110640368,
        "std":3.95273007
    },
    "in_queue_max":{
        "max":301.7415073493,
        "mean":293.9616757996,
        "median":null,
        "std":4.3767367196
    },
    "in_system_mean":{
        "max":null,
        "mean":219.1062007441,
        "median":219.1214469181,
        "std":3.9527393172
    },
    "in_system_max":{
        "max":301.7574747231,
        "mean":293.9806997075,
        "median":null,
        "std":4.3778648925
    },
    "service_time_mean":{
        "max":null,
        "mean":15.0029847533,
        "median":14.9984593363,
        "std":0.0463514442
    }
}

{
    "id_total_unique_arrivals":{
        "mean":66722.7666666667,
        "std":302.5895915585,
        "max":67185.0,
        "min":66002.0,
        "median":66773.5
    },
    "id_total_patients_returned_to_queue":{
        "mean":90433.7,
        "std":294.36268387,
        "max":90908.0,
        "min":89723.0,
        "median":90462.5
    },
    "id_total_patients_served":{
        "mean":65949.5666666667,
        "std":308.8409570986,
        "max":66467.0,
        "min":65224.0,
        "median":65975.0
    }
}

{
    "('queue_size_mean', 'mean')":{
        "total":17394.1770987654
    },
    "('queue_size_mean', 'std')":{
        "total":300.0429603552
    },
    "('queue_size_mean', 'median')":{
        "total":17415.2018518519
    },
    "('queue_size_max', 'mean')":{
        "total":24578.8666666667
    },
    "('queue_size_max', 'std')":{
        "total":409.4472079426
    },
    "('queue_size_max', 'max')":{
        "total":25185
    }
}

{
    "('utilization_mean', 'mean')":{
        "Single_Queue":1.0281659059
    },
    "('utilization_mean', 'std')":{
        "Single_Queue":0.0005872268
    },
    "('utilization_mean', 'median')":{
        "Single_Queue":1.0281329077
    },
    "('utilization_max', 'mean')":{
        "Single_Queue":1.1183737881
    },
    "('utilization_max', 'std')":{
        "Single_Queue":0.0125445466
    },
    "('utilization_max', 'max')":{
        "Single_Queue":1.150186755
    }
}