{
    "Stage_1\/2":{
        "count_mean":2138.9333333333,
        "count_std":51.8032972811,
        "count_max":2227.0,
        "count_min":2020.0,
        "count_median":2140.5,
        "percentage_of_total_scans_mean":3.4139929021,
        "percentage_of_total_scans_std":0.0702294315,
        "percentage_of_total_scans_max":3.5458383981,
        "percentage_of_total_scans_min":3.2691374009,
        "percentage_of_total_scans_median":3.4150319065,
        "percentage_of_positive_biopsies_mean":62.9249903411,
        "percentage_of_positive_biopsies_std":0.805187754,
        "percentage_of_positive_biopsies_max":64.47596989,
        "percentage_of_positive_biopsies_min":61.7166617167,
        "percentage_of_positive_biopsies_median":62.841129244
    },
    "Stage_3\/4":{
        "count_mean":1260.2,
        "count_std":36.2913497815,
        "count_max":1347.0,
        "count_min":1196.0,
        "count_median":1253.5,
        "percentage_of_total_scans_mean":2.0114653615,
        "percentage_of_total_scans_std":0.0531638851,
        "percentage_of_total_scans_max":2.1232660782,
        "percentage_of_total_scans_min":1.9148868039,
        "percentage_of_total_scans_median":2.0069200491,
        "percentage_of_positive_biopsies_mean":37.0750096589,
        "percentage_of_positive_biopsies_std":0.805187754,
        "percentage_of_positive_biopsies_max":38.2833382833,
        "percentage_of_positive_biopsies_min":35.52403011,
        "percentage_of_positive_biopsies_median":37.158870756
    }
}

{
    "in_queue_mean":{
        "max":null,
        "mean":274.5385204099,
        "median":273.2876391072,
        "std":4.9476366285
    },
    "in_queue_max":{
        "max":373.7672618156,
        "mean":362.337659943,
        "median":null,
        "std":5.8767396841
    },
    "in_system_mean":{
        "max":null,
        "mean":274.5489297687,
        "median":273.2980046194,
        "std":4.9476549321
    },
    "in_system_max":{
        "max":373.7787196128,
        "mean":362.3556411477,
        "median":null,
        "std":5.8742162359
    },
    "service_time_mean":{
        "max":null,
        "mean":14.989476734,
        "median":14.9930483427,
        "std":0.0518678454
    }
}

{
    "id_total_unique_arrivals":{
        "mean":71878.9,
        "std":291.1921216725,
        "max":72591.0,
        "min":71369.0,
        "median":71849.0
    },
    "id_total_patients_returned_to_queue":{
        "mean":94280.4666666667,
        "std":290.0729674354,
        "max":95105.0,
        "min":93832.0,
        "median":94198.5
    },
    "id_total_patients_served":{
        "mean":62839.6666666667,
        "std":466.2218898494,
        "max":63654.0,
        "min":61767.0,
        "median":62865.0
    }
}

{
    "('queue_size_mean', 'mean')":{
        "total":22425.0093209877
    },
    "('queue_size_mean', 'std')":{
        "total":382.6265582081
    },
    "('queue_size_mean', 'median')":{
        "total":22330.4083333333
    },
    "('queue_size_max', 'mean')":{
        "total":31529.8333333333
    },
    "('queue_size_max', 'std')":{
        "total":509.3429224439
    },
    "('queue_size_max', 'max')":{
        "total":32290
    }
}

{
    "('utilization_mean', 'mean')":{
        "Single_Queue":1.0280463225
    },
    "('utilization_mean', 'std')":{
        "Single_Queue":0.0007017396
    },
    "('utilization_mean', 'median')":{
        "Single_Queue":1.0281622711
    },
    "('utilization_max', 'mean')":{
        "Single_Queue":1.1206381265
    },
    "('utilization_max', 'std')":{
        "Single_Queue":0.0162881595
    },
    "('utilization_max', 'max')":{
        "Single_Queue":1.1566521079
    }
}