{
    "Stage_1\/2":{
        "count_mean":2830.3666666667,
        "count_std":49.6425035722,
        "count_max":2926.0,
        "count_min":2726.0,
        "count_median":2834.0,
        "percentage_of_total_scans_mean":3.7602483911,
        "percentage_of_total_scans_std":0.0634817244,
        "percentage_of_total_scans_max":3.8777051831,
        "percentage_of_total_scans_min":3.6248071911,
        "percentage_of_total_scans_median":3.7723043557,
        "percentage_of_positive_biopsies_mean":69.8278064252,
        "percentage_of_positive_biopsies_std":0.677378983,
        "percentage_of_positive_biopsies_max":71.0410557185,
        "percentage_of_positive_biopsies_min":68.1773399015,
        "percentage_of_positive_biopsies_median":69.6884839267
    },
    "Stage_3\/4":{
        "count_mean":1222.9666666667,
        "count_std":32.0790868962,
        "count_max":1292.0,
        "count_min":1168.0,
        "count_median":1219.5,
        "percentage_of_total_scans_mean":1.6247726144,
        "percentage_of_total_scans_std":0.0425771304,
        "percentage_of_total_scans_max":1.7245982167,
        "percentage_of_total_scans_min":1.56085353,
        "percentage_of_total_scans_median":1.6211332835,
        "percentage_of_positive_biopsies_mean":30.1721935748,
        "percentage_of_positive_biopsies_std":0.677378983,
        "percentage_of_positive_biopsies_max":31.8226600985,
        "percentage_of_positive_biopsies_min":28.9589442815,
        "percentage_of_positive_biopsies_median":30.3115160733
    }
}

{
    "in_queue_mean":{
        "mean":2.1484627006,
        "std":0.3045932379,
        "median":2.0824104995,
        "max":null
    },
    "in_queue_max":{
        "mean":5.7263029666,
        "std":1.0580062111,
        "median":null,
        "max":7.8219804273
    },
    "in_system_mean":{
        "mean":2.1588736179,
        "std":0.3046081718,
        "median":2.0928122422,
        "max":null
    },
    "in_system_max":{
        "mean":5.7407049718,
        "std":1.0566991353,
        "median":null,
        "max":7.8655875934
    },
    "service_time_mean":{
        "mean":14.9917209213,
        "std":0.0533160029,
        "median":14.9823860168,
        "max":null
    }
}

{
    "('id', 'total_unique_arrivals')":{
        "mean":48148.2666666667,
        "std":147.3786896431,
        "max":48453.0,
        "min":47808.0,
        "median":48136.5
    },
    "('id', 'total_patients_returned_to_queue')":{
        "mean":75270.4666666667,
        "std":295.8242410777,
        "max":75920.0,
        "min":74526.0,
        "median":75209.5
    }
}

{
    "('queue_size_mean', 'mean')":{
        "total":133.4237962963
    },
    "('queue_size_mean', 'std')":{
        "total":21.5618575401
    },
    "('queue_size_mean', 'median')":{
        "total":129.0407407407
    },
    "('queue_size_max', 'mean')":{
        "total":376.8666666667
    },
    "('queue_size_max', 'std')":{
        "total":57.0436815887
    },
    "('queue_size_max', 'max')":{
        "total":528
    }
}

{
    "('utilization_mean', 'mean')":{
        "Single_Queue":0.9244587063
    },
    "('utilization_mean', 'std')":{
        "Single_Queue":0.0037956692
    },
    "('utilization_mean', 'median')":{
        "Single_Queue":0.925065849
    },
    "('utilization_max', 'mean')":{
        "Single_Queue":1.1219321682
    },
    "('utilization_max', 'std')":{
        "Single_Queue":0.0138028685
    },
    "('utilization_max', 'max')":{
        "Single_Queue":1.1504121041
    }
}