{
    "Stage_1\/2":{
        "count_mean":2846.7666666667,
        "count_std":49.031083268,
        "count_max":2948.0,
        "count_min":2745.0,
        "count_median":2836.0,
        "percentage_of_total_scans_mean":3.7871305416,
        "percentage_of_total_scans_std":0.0594390643,
        "percentage_of_total_scans_max":3.9047391984,
        "percentage_of_total_scans_min":3.6649354464,
        "percentage_of_total_scans_median":3.7802241371,
        "percentage_of_positive_biopsies_mean":70.046303207,
        "percentage_of_positive_biopsies_std":0.7463494202,
        "percentage_of_positive_biopsies_max":71.4530332681,
        "percentage_of_positive_biopsies_min":68.2157057654,
        "percentage_of_positive_biopsies_median":69.9857648338
    },
    "Stage_3\/4":{
        "count_mean":1217.4,
        "count_std":36.0044058607,
        "count_max":1281.0,
        "count_min":1146.0,
        "count_median":1217.0,
        "percentage_of_total_scans_mean":1.619564782,
        "percentage_of_total_scans_std":0.0474320503,
        "percentage_of_total_scans_max":1.7076329457,
        "percentage_of_total_scans_min":1.5192088448,
        "percentage_of_total_scans_median":1.6239624049,
        "percentage_of_positive_biopsies_mean":29.953696793,
        "percentage_of_positive_biopsies_std":0.7463494202,
        "percentage_of_positive_biopsies_max":31.7842942346,
        "percentage_of_positive_biopsies_min":28.5469667319,
        "percentage_of_positive_biopsies_median":30.0142351662
    }
}

{
    "in_queue_mean":{
        "mean":2.1809753387,
        "std":0.3764852338,
        "median":2.0612439111,
        "max":null
    },
    "in_queue_max":{
        "mean":5.9357238336,
        "std":1.0775737441,
        "median":null,
        "max":8.694130217
    },
    "in_system_mean":{
        "mean":2.1913941027,
        "std":0.3765014274,
        "median":2.0716421338,
        "max":null
    },
    "in_system_max":{
        "mean":5.9541465956,
        "std":1.077103367,
        "median":null,
        "max":8.6979508218
    },
    "service_time_mean":{
        "mean":15.0030201116,
        "std":0.0424870097,
        "median":15.0052910853,
        "max":null
    }
}

{
    "('id', 'total_unique_arrivals')":{
        "mean":48106.2666666667,
        "std":238.1081952468,
        "max":48599.0,
        "min":47545.0,
        "median":48083.5
    },
    "('id', 'total_patients_returned_to_queue')":{
        "mean":75168.4333333333,
        "std":340.1560172802,
        "max":75939.0,
        "min":74279.0,
        "median":75064.0
    }
}

{
    "('queue_size_mean', 'mean')":{
        "total":135.5470061728
    },
    "('queue_size_mean', 'std')":{
        "total":26.4933133468
    },
    "('queue_size_mean', 'median')":{
        "total":127.6310185185
    },
    "('queue_size_max', 'mean')":{
        "total":388.1333333333
    },
    "('queue_size_max', 'std')":{
        "total":62.6086549781
    },
    "('queue_size_max', 'max')":{
        "total":564
    }
}

{
    "('utilization_mean', 'mean')":{
        "Single_Queue":0.9241395095
    },
    "('utilization_mean', 'std')":{
        "Single_Queue":0.0040389959
    },
    "('utilization_mean', 'median')":{
        "Single_Queue":0.9245722207
    },
    "('utilization_max', 'mean')":{
        "Single_Queue":1.1284525085
    },
    "('utilization_max', 'std')":{
        "Single_Queue":0.0192904006
    },
    "('utilization_max', 'max')":{
        "Single_Queue":1.1786477306
    }
}