{
    "Stage_1\/2":{
        "count_mean":2689.1333333333,
        "count_std":69.6115989807,
        "count_max":2800.0,
        "count_min":2505.0,
        "count_median":2693.0,
        "percentage_of_total_scans_mean":3.7836243664,
        "percentage_of_total_scans_std":0.089348868,
        "percentage_of_total_scans_max":3.9088675452,
        "percentage_of_total_scans_min":3.5275728046,
        "percentage_of_total_scans_median":3.7908634941,
        "percentage_of_positive_biopsies_mean":70.1348326887,
        "percentage_of_positive_biopsies_std":0.8987918178,
        "percentage_of_positive_biopsies_max":71.875,
        "percentage_of_positive_biopsies_min":68.6583088824,
        "percentage_of_positive_biopsies_median":70.1890193839
    },
    "Stage_3\/4":{
        "count_mean":1145.0333333333,
        "count_std":41.3875571284,
        "count_max":1229.0,
        "count_min":1080.0,
        "count_median":1144.5,
        "percentage_of_total_scans_mean":1.6111323188,
        "percentage_of_total_scans_std":0.0575320208,
        "percentage_of_total_scans_max":1.7255904075,
        "percentage_of_total_scans_min":1.5110812626,
        "percentage_of_total_scans_median":1.6104784449,
        "percentage_of_positive_biopsies_mean":29.8651673113,
        "percentage_of_positive_biopsies_std":0.8987918178,
        "percentage_of_positive_biopsies_max":31.3416911176,
        "percentage_of_positive_biopsies_min":28.125,
        "percentage_of_positive_biopsies_median":29.8109806161
    }
}

{
    "in_queue_mean":{
        "mean":120.3097799496,
        "std":3.2308689204,
        "median":119.8837142752,
        "max":null
    },
    "in_queue_max":{
        "mean":166.516708554,
        "std":4.4608640768,
        "median":null,
        "max":174.833710074
    },
    "in_system_mean":{
        "mean":120.3201926888,
        "std":3.2308832631,
        "median":119.8941320222,
        "max":null
    },
    "in_system_max":{
        "mean":166.5369694235,
        "std":4.4598518449,
        "median":null,
        "max":174.8660265681
    },
    "service_time_mean":{
        "mean":14.9943443325,
        "std":0.056536596,
        "median":14.9998773821,
        "max":null
    }
}

{
    "('id', 'total_unique_arrivals')":{
        "mean":51475.3,
        "std":205.4834752984,
        "max":51898.0,
        "min":51051.0,
        "median":51464.5
    },
    "('id', 'total_patients_returned_to_queue')":{
        "mean":71069.9666666667,
        "std":358.3680908029,
        "max":71682.0,
        "min":70390.0,
        "median":71020.5
    }
}

{
    "('queue_size_mean', 'mean')":{
        "total":9059.9980246914
    },
    "('queue_size_mean', 'std')":{
        "total":246.8037736162
    },
    "('queue_size_mean', 'median')":{
        "total":9058.9611111111
    },
    "('queue_size_max', 'mean')":{
        "total":12892.6333333333
    },
    "('queue_size_max', 'std')":{
        "total":354.9425872305
    },
    "('queue_size_max', 'max')":{
        "total":13578
    }
}

{
    "('utilization_mean', 'mean')":{
        "Single_Queue":0.9585364277
    },
    "('utilization_mean', 'std')":{
        "Single_Queue":0.0014003841
    },
    "('utilization_mean', 'median')":{
        "Single_Queue":0.9580948918
    },
    "('utilization_max', 'mean')":{
        "Single_Queue":1.1259724221
    },
    "('utilization_max', 'std')":{
        "Single_Queue":0.0210218143
    },
    "('utilization_max', 'max')":{
        "Single_Queue":1.2132763309
    }
}