{
    "Stage_1\/2":{
        "count_mean":2005.1666666667,
        "count_std":39.9258652085,
        "count_max":2099.0,
        "count_min":1919.0,
        "count_median":2002.0,
        "percentage_of_total_scans_mean":3.3105135971,
        "percentage_of_total_scans_std":0.0652862995,
        "percentage_of_total_scans_max":3.4453891862,
        "percentage_of_total_scans_min":3.1942872362,
        "percentage_of_total_scans_median":3.3095551587,
        "percentage_of_positive_biopsies_mean":61.1456972842,
        "percentage_of_positive_biopsies_std":0.5946332489,
        "percentage_of_positive_biopsies_max":62.6176738536,
        "percentage_of_positive_biopsies_min":59.2256503327,
        "percentage_of_positive_biopsies_median":61.0785648383
    },
    "Stage_3\/4":{
        "count_mean":1274.2666666667,
        "count_std":33.9481687418,
        "count_max":1348.0,
        "count_min":1209.0,
        "count_median":1271.0,
        "percentage_of_total_scans_mean":2.1037952329,
        "percentage_of_total_scans_std":0.0554957225,
        "percentage_of_total_scans_max":2.2233217879,
        "percentage_of_total_scans_min":2.0124508955,
        "percentage_of_total_scans_median":2.0977398423,
        "percentage_of_positive_biopsies_mean":38.8543027158,
        "percentage_of_positive_biopsies_std":0.5946332489,
        "percentage_of_positive_biopsies_max":40.7743496673,
        "percentage_of_positive_biopsies_min":37.3823261464,
        "percentage_of_positive_biopsies_median":38.9214351617
    }
}

{
    "in_queue_mean":{
        "max":null,
        "mean":309.2544986863,
        "median":310.2764707353,
        "std":4.098863529
    },
    "in_queue_max":{
        "max":414.4809915233,
        "mean":403.4385156553,
        "median":null,
        "std":5.0608672767
    },
    "in_system_mean":{
        "max":null,
        "mean":309.264914203,
        "median":310.2868877636,
        "std":4.0988739869
    },
    "in_system_max":{
        "max":414.490842947,
        "mean":403.4535894715,
        "median":null,
        "std":5.061332185
    },
    "service_time_mean":{
        "max":null,
        "mean":14.9983439678,
        "median":14.9990228368,
        "std":0.05741905
    }
}

{
    "id_total_unique_arrivals":{
        "mean":75452.6666666667,
        "std":326.9726692505,
        "max":76089.0,
        "min":74846.0,
        "median":75435.5
    },
    "id_total_patients_returned_to_queue":{
        "mean":96943.0666666667,
        "std":327.2516624476,
        "max":97533.0,
        "min":96361.0,
        "median":96933.0
    },
    "id_total_patients_served":{
        "mean":60757.4666666667,
        "std":412.3052713483,
        "max":61968.0,
        "min":60059.0,
        "median":60742.5
    }
}

{
    "('queue_size_mean', 'mean')":{
        "total":25742.0214814815
    },
    "('queue_size_mean', 'std')":{
        "total":340.6394090827
    },
    "('queue_size_mean', 'median')":{
        "total":25819.8217592593
    },
    "('queue_size_max', 'mean')":{
        "total":36264.4
    },
    "('queue_size_max', 'std')":{
        "total":477.3567739701
    },
    "('queue_size_max', 'max')":{
        "total":37227
    }
}

{
    "('utilization_mean', 'mean')":{
        "Single_Queue":1.0282291799
    },
    "('utilization_mean', 'std')":{
        "Single_Queue":0.0007429413
    },
    "('utilization_mean', 'median')":{
        "Single_Queue":1.0281781793
    },
    "('utilization_max', 'mean')":{
        "Single_Queue":1.1223949411
    },
    "('utilization_max', 'std')":{
        "Single_Queue":0.0164328803
    },
    "('utilization_max', 'max')":{
        "Single_Queue":1.1611935511
    }
}