{
    "Stage_1\/2":{
        "count_mean":1184.3,
        "count_std":32.194612957,
        "count_max":1278.0,
        "count_min":1132.0,
        "count_median":1181.5,
        "percentage_of_total_scans_mean":5.1694175488,
        "percentage_of_total_scans_std":0.1274674949,
        "percentage_of_total_scans_max":5.4692515085,
        "percentage_of_total_scans_min":4.9453883495,
        "percentage_of_total_scans_median":5.1524037627,
        "percentage_of_positive_biopsies_mean":67.0115795745,
        "percentage_of_positive_biopsies_std":0.9152522847,
        "percentage_of_positive_biopsies_max":69.1558441558,
        "percentage_of_positive_biopsies_min":65.0055370986,
        "percentage_of_positive_biopsies_median":67.0488422878
    },
    "Stage_3\/4":{
        "count_mean":583.0,
        "count_std":20.9893240515,
        "count_max":632.0,
        "count_min":545.0,
        "count_median":587.5,
        "percentage_of_total_scans_mean":2.5447555589,
        "percentage_of_total_scans_std":0.08678367,
        "percentage_of_total_scans_max":2.7542926872,
        "percentage_of_total_scans_min":2.3757628596,
        "percentage_of_total_scans_median":2.550885315,
        "percentage_of_positive_biopsies_mean":32.9884204255,
        "percentage_of_positive_biopsies_std":0.9152522847,
        "percentage_of_positive_biopsies_max":34.9944629014,
        "percentage_of_positive_biopsies_min":30.8441558442,
        "percentage_of_positive_biopsies_median":32.9511577122
    }
}

{
    "in_queue_mean":{
        "mean":171.6860959314,
        "std":4.3302334131,
        "median":172.112930513,
        "max":null
    },
    "in_queue_max":{
        "mean":233.9126940038,
        "std":5.111094055,
        "median":null,
        "max":242.3862593357
    },
    "in_system_mean":{
        "mean":171.6965206288,
        "std":4.3302541311,
        "median":172.1233162775,
        "max":null
    },
    "in_system_max":{
        "mean":233.9223236032,
        "std":5.1096392545,
        "median":null,
        "max":242.405265354
    },
    "service_time_mean":{
        "mean":15.0115643256,
        "std":0.0766830089,
        "median":15.0117116571,
        "max":null
    }
}

{
    "('id', 'total_unique_arrivals')":{
        "mean":16709.5333333333,
        "std":66.0672245589,
        "max":16789.0,
        "min":16543.0,
        "median":16711.5
    },
    "('id', 'total_patients_returned_to_queue')":{
        "mean":22908.9333333333,
        "std":165.4256648006,
        "max":23367.0,
        "min":22559.0,
        "median":22918.5
    }
}

{
    "('queue_size_mean', 'mean')":{
        "total":4443.0941975309
    },
    "('queue_size_mean', 'std')":{
        "total":103.5989232066
    },
    "('queue_size_mean', 'median')":{
        "total":4449.1800925926
    },
    "('queue_size_max', 'mean')":{
        "total":6382.2666666667
    },
    "('queue_size_max', 'std')":{
        "total":142.9800886387
    },
    "('queue_size_max', 'max')":{
        "total":6644
    }
}

{
    "('utilization_mean', 'mean')":{
        "Single_Queue":0.9390443379
    },
    "('utilization_mean', 'std')":{
        "Single_Queue":0.0022452158
    },
    "('utilization_mean', 'median')":{
        "Single_Queue":0.9384240035
    },
    "('utilization_max', 'mean')":{
        "Single_Queue":1.2482559917
    },
    "('utilization_max', 'std')":{
        "Single_Queue":0.0472769594
    },
    "('utilization_max', 'max')":{
        "Single_Queue":1.3581298137
    }
}