{
    "Stage_1\/2":{
        "count_mean":2774.0333333333,
        "count_std":64.3082465529,
        "count_max":2897.0,
        "count_min":2656.0,
        "count_median":2765.5,
        "percentage_of_total_scans_mean":3.8078697645,
        "percentage_of_total_scans_std":0.0863233373,
        "percentage_of_total_scans_max":3.9636037775,
        "percentage_of_total_scans_min":3.6443468716,
        "percentage_of_total_scans_median":3.7919831992,
        "percentage_of_positive_biopsies_mean":70.1388399915,
        "percentage_of_positive_biopsies_std":0.6448637258,
        "percentage_of_positive_biopsies_max":71.7189912506,
        "percentage_of_positive_biopsies_min":69.1794871795,
        "percentage_of_positive_biopsies_median":70.2397344017
    },
    "Stage_3\/4":{
        "count_mean":1180.9666666667,
        "count_std":33.5636126177,
        "count_max":1240.0,
        "count_min":1099.0,
        "count_median":1186.5,
        "percentage_of_total_scans_mean":1.6210841111,
        "percentage_of_total_scans_std":0.0450426322,
        "percentage_of_total_scans_max":1.6940584997,
        "percentage_of_total_scans_min":1.5118998487,
        "percentage_of_total_scans_median":1.634619997,
        "percentage_of_positive_biopsies_mean":29.8611600085,
        "percentage_of_positive_biopsies_std":0.6448637258,
        "percentage_of_positive_biopsies_max":30.8205128205,
        "percentage_of_positive_biopsies_min":28.2810087494,
        "percentage_of_positive_biopsies_median":29.7602655983
    }
}

{
    "in_queue_mean":{
        "max":null,
        "mean":1.6082595236,
        "median":1.6000768524,
        "std":0.0461510588
    },
    "in_queue_max":{
        "max":5.4202755026,
        "mean":4.0524434849,
        "median":null,
        "std":0.5840548538
    },
    "in_system_mean":{
        "max":null,
        "mean":1.618679622,
        "median":1.6105177136,
        "std":0.046159431
    },
    "in_system_max":{
        "max":5.4760902211,
        "mean":4.0686611339,
        "median":null,
        "std":0.5844271148
    },
    "service_time_mean":{
        "max":null,
        "mean":15.0049417118,
        "median":15.0093149241,
        "std":0.045700334
    }
}

{
    "id_total_unique_arrivals":{
        "mean":46782.2,
        "std":170.8823753548,
        "max":47187.0,
        "min":46412.0,
        "median":46742.0
    },
    "id_total_patients_returned_to_queue":{
        "mean":73091.4,
        "std":265.1304948706,
        "max":73699.0,
        "min":72575.0,
        "median":73050.0
    },
    "id_total_patients_served":{
        "mean":73070.2,
        "std":262.7659769085,
        "max":73658.0,
        "min":72554.0,
        "median":73044.0
    }
}

{
    "('queue_size_mean', 'mean')":{
        "total":92.6373148148
    },
    "('queue_size_mean', 'std')":{
        "total":3.2900137543
    },
    "('queue_size_mean', 'median')":{
        "total":92.2893518519
    },
    "('queue_size_max', 'mean')":{
        "total":281.2666666667
    },
    "('queue_size_max', 'std')":{
        "total":28.0786252406
    },
    "('queue_size_max', 'max')":{
        "total":349
    }
}

{
    "('utilization_mean', 'mean')":{
        "Single_Queue":0.9844413677
    },
    "('utilization_mean', 'std')":{
        "Single_Queue":0.0042956936
    },
    "('utilization_mean', 'median')":{
        "Single_Queue":0.984364929
    },
    "('utilization_max', 'mean')":{
        "Single_Queue":1.113985178
    },
    "('utilization_max', 'std')":{
        "Single_Queue":0.012588106
    },
    "('utilization_max', 'max')":{
        "Single_Queue":1.1499358922
    }
}