{
    "Stage_1\/2":{
        "count_mean":2830.3666666667,
        "count_std":49.6425035722,
        "count_max":2926.0,
        "count_min":2726.0,
        "count_median":2834.0,
        "percentage_of_total_scans_mean":3.7718161217,
        "percentage_of_total_scans_std":0.0637112805,
        "percentage_of_total_scans_max":3.8895609289,
        "percentage_of_total_scans_min":3.6365091646,
        "percentage_of_total_scans_median":3.7835359028,
        "percentage_of_positive_biopsies_mean":69.8278064252,
        "percentage_of_positive_biopsies_std":0.677378983,
        "percentage_of_positive_biopsies_max":71.0410557185,
        "percentage_of_positive_biopsies_min":68.1773399015,
        "percentage_of_positive_biopsies_median":69.6884839267
    },
    "Stage_3\/4":{
        "count_mean":1222.9666666667,
        "count_std":32.0790868962,
        "count_max":1292.0,
        "count_min":1168.0,
        "count_median":1219.5,
        "percentage_of_total_scans_mean":1.6297691044,
        "percentage_of_total_scans_std":0.0426441143,
        "percentage_of_total_scans_max":1.7298860578,
        "percentage_of_total_scans_min":1.5655551445,
        "percentage_of_total_scans_median":1.6260367297,
        "percentage_of_positive_biopsies_mean":30.1721935748,
        "percentage_of_positive_biopsies_std":0.677378983,
        "percentage_of_positive_biopsies_max":31.8226600985,
        "percentage_of_positive_biopsies_min":28.9589442815,
        "percentage_of_positive_biopsies_median":30.3115160733
    }
}

{
    "in_queue_mean":{
        "max":null,
        "mean":2.1484287771,
        "median":2.082221491,
        "std":0.3046701145
    },
    "in_queue_max":{
        "max":7.8219804273,
        "mean":5.7263029666,
        "median":null,
        "std":1.0580062111
    },
    "in_system_mean":{
        "max":null,
        "mean":2.1588398916,
        "median":2.0926240953,
        "std":0.3046848656
    },
    "in_system_max":{
        "max":7.8655875934,
        "mean":5.7407049718,
        "median":null,
        "std":1.0566991353
    },
    "service_time_mean":{
        "max":null,
        "mean":14.9920049819,
        "median":14.9842618856,
        "std":0.0534944947
    }
}

{
    "id_total_unique_arrivals":{
        "mean":48183.6,
        "std":153.3345677112,
        "max":48546.0,
        "min":47808.0,
        "median":48162.5
    },
    "id_total_patients_returned_to_queue":{
        "mean":75348.3,
        "std":301.6356731395,
        "max":76080.0,
        "min":74526.0,
        "median":75347.5
    },
    "id_total_patients_served":{
        "mean":75270.4666666667,
        "std":295.8242410777,
        "max":75920.0,
        "min":74526.0,
        "median":75209.5
    }
}

{
    "('queue_size_mean', 'mean')":{
        "total":133.4237962963
    },
    "('queue_size_mean', 'std')":{
        "total":21.5618575401
    },
    "('queue_size_mean', 'median')":{
        "total":129.0407407407
    },
    "('queue_size_max', 'mean')":{
        "total":376.8666666667
    },
    "('queue_size_max', 'std')":{
        "total":57.0436815887
    },
    "('queue_size_max', 'max')":{
        "total":528
    }
}

{
    "('utilization_mean', 'mean')":{
        "Single_Queue":1.0138772571
    },
    "('utilization_mean', 'std')":{
        "Single_Queue":0.0048563326
    },
    "('utilization_mean', 'median')":{
        "Single_Queue":1.0144939856
    },
    "('utilization_max', 'mean')":{
        "Single_Queue":1.1183745274
    },
    "('utilization_max', 'std')":{
        "Single_Queue":0.0159178774
    },
    "('utilization_max', 'max')":{
        "Single_Queue":1.1504121041
    }
}