{
    "Stage_1\/2":{
        "count_mean":2838.8333333333,
        "count_std":44.1986763207,
        "count_max":2933.0,
        "count_min":2760.0,
        "count_median":2842.5,
        "percentage_of_total_scans_mean":3.7982815349,
        "percentage_of_total_scans_std":0.0622106396,
        "percentage_of_total_scans_max":3.9251110754,
        "percentage_of_total_scans_min":3.6720241884,
        "percentage_of_total_scans_median":3.7950294721,
        "percentage_of_positive_biopsies_mean":70.0172327709,
        "percentage_of_positive_biopsies_std":0.7400840131,
        "percentage_of_positive_biopsies_max":71.3176352705,
        "percentage_of_positive_biopsies_min":68.1426814268,
        "percentage_of_positive_biopsies_median":69.9205741897
    },
    "Stage_3\/4":{
        "count_mean":1215.8666666667,
        "count_std":40.7090037769,
        "count_max":1297.0,
        "count_min":1145.0,
        "count_median":1219.0,
        "percentage_of_total_scans_mean":1.6267601644,
        "percentage_of_total_scans_std":0.0539737763,
        "percentage_of_total_scans_max":1.7461600647,
        "percentage_of_total_scans_min":1.5280724934,
        "percentage_of_total_scans_median":1.6272040629,
        "percentage_of_positive_biopsies_mean":29.9827672291,
        "percentage_of_positive_biopsies_std":0.7400840131,
        "percentage_of_positive_biopsies_max":31.8573185732,
        "percentage_of_positive_biopsies_min":28.6823647295,
        "percentage_of_positive_biopsies_median":30.0794258103
    }
}

{
    "in_queue_mean":{
        "max":null,
        "mean":33.831498919,
        "median":34.0004835273,
        "std":3.9213602179
    },
    "in_queue_max":{
        "max":62.3335237339,
        "mean":49.9012073861,
        "median":null,
        "std":4.8358560527
    },
    "in_system_mean":{
        "max":null,
        "mean":33.8419258335,
        "median":34.0109252017,
        "std":3.9213711419
    },
    "in_system_max":{
        "max":62.3779670773,
        "mean":49.9199033008,
        "median":null,
        "std":4.8394162339
    },
    "service_time_mean":{
        "max":null,
        "mean":15.0147568131,
        "median":15.0154022109,
        "std":0.0499586879
    }
}

{
    "id_total_unique_arrivals":{
        "mean":51292.1666666667,
        "std":216.0708828991,
        "max":51827.0,
        "min":50877.0,
        "median":51297.0
    },
    "id_total_patients_returned_to_queue":{
        "mean":78421.5333333333,
        "std":265.0133026373,
        "max":78830.0,
        "min":77893.0,
        "median":78404.0
    },
    "id_total_patients_served":{
        "mean":74965.2,
        "std":354.0910071992,
        "max":75790.0,
        "min":74295.0,
        "median":74954.5
    }
}

{
    "('queue_size_mean', 'mean')":{
        "total":2419.7309259259
    },
    "('queue_size_mean', 'std')":{
        "total":280.9531411367
    },
    "('queue_size_mean', 'median')":{
        "total":2430.4287037037
    },
    "('queue_size_max', 'mean')":{
        "total":3619.8333333333
    },
    "('queue_size_max', 'std')":{
        "total":328.7550270583
    },
    "('queue_size_max', 'max')":{
        "total":4415
    }
}

{
    "('utilization_mean', 'mean')":{
        "Single_Queue":1.0281019832
    },
    "('utilization_mean', 'std')":{
        "Single_Queue":0.0007042867
    },
    "('utilization_mean', 'median')":{
        "Single_Queue":1.0281949643
    },
    "('utilization_max', 'mean')":{
        "Single_Queue":1.1205953071
    },
    "('utilization_max', 'std')":{
        "Single_Queue":0.0177893226
    },
    "('utilization_max', 'max')":{
        "Single_Queue":1.1854185828
    }
}