{
    "Stage_1\/2":{
        "count_mean":2691.5,
        "count_std":57.3571689293,
        "count_max":2815.0,
        "count_min":2555.0,
        "count_median":2690.5,
        "percentage_of_total_scans_mean":3.8051048845,
        "percentage_of_total_scans_std":0.0721138018,
        "percentage_of_total_scans_max":3.9464460956,
        "percentage_of_total_scans_min":3.6388236132,
        "percentage_of_total_scans_median":3.8123447522,
        "percentage_of_positive_biopsies_mean":69.7970243234,
        "percentage_of_positive_biopsies_std":0.6805902527,
        "percentage_of_positive_biopsies_max":71.1284046693,
        "percentage_of_positive_biopsies_min":68.5581635285,
        "percentage_of_positive_biopsies_median":69.5886972343
    },
    "Stage_3\/4":{
        "count_mean":1164.6333333333,
        "count_std":32.6343201335,
        "count_max":1219.0,
        "count_min":1104.0,
        "count_median":1165.0,
        "percentage_of_total_scans_mean":1.6465746744,
        "percentage_of_total_scans_std":0.0461423248,
        "percentage_of_total_scans_max":1.7323461282,
        "percentage_of_total_scans_min":1.5636414723,
        "percentage_of_total_scans_median":1.6441041203,
        "percentage_of_positive_biopsies_mean":30.2029756766,
        "percentage_of_positive_biopsies_std":0.6805902527,
        "percentage_of_positive_biopsies_max":31.4418364715,
        "percentage_of_positive_biopsies_min":28.8715953307,
        "percentage_of_positive_biopsies_median":30.4113027657
    }
}

{
    "in_queue_mean":{
        "max":null,
        "mean":1.4295154915,
        "median":1.424023825,
        "std":0.0343974424
    },
    "in_queue_max":{
        "max":4.3410108342,
        "mean":3.4164827488,
        "median":null,
        "std":0.2742796733
    },
    "in_system_mean":{
        "max":null,
        "mean":1.4399230003,
        "median":1.4344524166,
        "std":0.0344042193
    },
    "in_system_max":{
        "max":4.3678133135,
        "mean":3.4341804495,
        "median":null,
        "std":0.2709355924
    },
    "service_time_mean":{
        "max":null,
        "mean":14.9868126063,
        "median":14.986983088,
        "std":0.0440698128
    }
}

{
    "id_total_unique_arrivals":{
        "mean":45367.2333333333,
        "std":228.5593084328,
        "max":45721.0,
        "min":44915.0,
        "median":45392.5
    },
    "id_total_patients_returned_to_queue":{
        "mean":70960.4666666667,
        "std":392.091011016,
        "max":71610.0,
        "min":70242.0,
        "median":70972.0
    },
    "id_total_patients_served":{
        "mean":70947.6,
        "std":390.4304962651,
        "max":71610.0,
        "min":70241.0,
        "median":70947.5
    }
}

{
    "('queue_size_mean', 'mean')":{
        "total":78.1867283951
    },
    "('queue_size_mean', 'std')":{
        "total":2.5921526074
    },
    "('queue_size_mean', 'median')":{
        "total":78.0055555556
    },
    "('queue_size_max', 'mean')":{
        "total":235.2666666667
    },
    "('queue_size_max', 'std')":{
        "total":20.7446434022
    },
    "('queue_size_max', 'max')":{
        "total":314
    }
}

{
    "('utilization_mean', 'mean')":{
        "Single_Queue":0.9544919324
    },
    "('utilization_mean', 'std')":{
        "Single_Queue":0.0058747872
    },
    "('utilization_mean', 'median')":{
        "Single_Queue":0.9553235578
    },
    "('utilization_max', 'mean')":{
        "Single_Queue":1.1083555325
    },
    "('utilization_max', 'std')":{
        "Single_Queue":0.0145313166
    },
    "('utilization_max', 'max')":{
        "Single_Queue":1.1462190501
    }
}