{
    "Stage_1\/2":{
        "count_mean":2869.6,
        "count_std":55.422888338,
        "count_max":2984.0,
        "count_min":2727.0,
        "count_median":2874.5,
        "percentage_of_total_scans_mean":3.7934679786,
        "percentage_of_total_scans_std":0.0710485388,
        "percentage_of_total_scans_max":3.9202666631,
        "percentage_of_total_scans_min":3.6210330633,
        "percentage_of_total_scans_median":3.7960970548,
        "percentage_of_positive_biopsies_mean":70.0568555512,
        "percentage_of_positive_biopsies_std":0.5898412824,
        "percentage_of_positive_biopsies_max":71.1673346693,
        "percentage_of_positive_biopsies_min":69.0411634212,
        "percentage_of_positive_biopsies_median":69.9963429418
    },
    "Stage_3\/4":{
        "count_mean":1226.5333333333,
        "count_std":33.4630350184,
        "count_max":1285.0,
        "count_min":1151.0,
        "count_median":1230.0,
        "percentage_of_total_scans_mean":1.6214327048,
        "percentage_of_total_scans_std":0.0443111165,
        "percentage_of_total_scans_max":1.7021220229,
        "percentage_of_total_scans_min":1.5378243326,
        "percentage_of_total_scans_median":1.6210148157,
        "percentage_of_positive_biopsies_mean":29.9431444488,
        "percentage_of_positive_biopsies_std":0.5898412824,
        "percentage_of_positive_biopsies_max":30.9588365788,
        "percentage_of_positive_biopsies_min":28.8326653307,
        "percentage_of_positive_biopsies_median":30.0036570582
    }
}

{
    "in_queue_mean":{
        "max":null,
        "mean":13.1055443695,
        "median":13.409786933,
        "std":4.1042461524
    },
    "in_queue_max":{
        "max":34.9388917568,
        "mean":20.9483764776,
        "median":null,
        "std":5.4721452373
    },
    "in_system_mean":{
        "max":null,
        "mean":13.115960814,
        "median":13.4202217896,
        "std":4.1042669218
    },
    "in_system_max":{
        "max":34.9530414435,
        "mean":20.9702016618,
        "median":null,
        "std":5.4727729951
    },
    "service_time_mean":{
        "max":null,
        "mean":14.9996801129,
        "median":15.0049854795,
        "std":0.0477919783
    }
}

{
    "id_total_unique_arrivals":{
        "mean":49699.8,
        "std":284.9252049465,
        "max":50382.0,
        "min":49191.0,
        "median":49662.5
    },
    "id_total_patients_returned_to_queue":{
        "mean":77146.6333333333,
        "std":322.9417032193,
        "max":77707.0,
        "min":76429.0,
        "median":77167.5
    },
    "id_total_patients_served":{
        "mean":75874.5333333333,
        "std":359.8558843082,
        "max":76499.0,
        "min":75056.0,
        "median":75926.5
    }
}

{
    "('queue_size_mean', 'mean')":{
        "total":916.6766358025
    },
    "('queue_size_mean', 'std')":{
        "total":292.7050142574
    },
    "('queue_size_mean', 'median')":{
        "total":934.5851851852
    },
    "('queue_size_max', 'mean')":{
        "total":1473.4333333333
    },
    "('queue_size_max', 'std')":{
        "total":399.2747462444
    },
    "('queue_size_max', 'max')":{
        "total":2485
    }
}

{
    "('utilization_mean', 'mean')":{
        "Single_Queue":1.0279972268
    },
    "('utilization_mean', 'std')":{
        "Single_Queue":0.0008350013
    },
    "('utilization_mean', 'median')":{
        "Single_Queue":1.028026809
    },
    "('utilization_max', 'mean')":{
        "Single_Queue":1.1186791117
    },
    "('utilization_max', 'std')":{
        "Single_Queue":0.0172711882
    },
    "('utilization_max', 'max')":{
        "Single_Queue":1.1613019026
    }
}