{
    "Stage_1\/2":{
        "count_mean":2778.4,
        "count_std":50.3892435155,
        "count_max":2868.0,
        "count_min":2686.0,
        "count_median":2777.0,
        "percentage_of_total_scans_mean":3.8153882717,
        "percentage_of_total_scans_std":0.0671247608,
        "percentage_of_total_scans_max":3.9085817082,
        "percentage_of_total_scans_min":3.6967711745,
        "percentage_of_total_scans_median":3.8159835976,
        "percentage_of_positive_biopsies_mean":70.229877429,
        "percentage_of_positive_biopsies_std":0.7992431269,
        "percentage_of_positive_biopsies_max":72.2734254992,
        "percentage_of_positive_biopsies_min":68.5553854007,
        "percentage_of_positive_biopsies_median":70.1963467219
    },
    "Stage_3\/4":{
        "count_mean":1177.8,
        "count_std":37.2793739773,
        "count_max":1238.0,
        "count_min":1083.0,
        "count_median":1180.5,
        "percentage_of_total_scans_mean":1.6173892342,
        "percentage_of_total_scans_std":0.0506785709,
        "percentage_of_total_scans_max":1.7046236885,
        "percentage_of_total_scans_min":1.4951542093,
        "percentage_of_total_scans_median":1.6230477472,
        "percentage_of_positive_biopsies_mean":29.770122571,
        "percentage_of_positive_biopsies_std":0.7992431269,
        "percentage_of_positive_biopsies_max":31.4446145993,
        "percentage_of_positive_biopsies_min":27.7265745008,
        "percentage_of_positive_biopsies_median":29.8036532781
    }
}

{
    "in_queue_mean":{
        "max":null,
        "mean":1.4037257743,
        "median":1.3928441272,
        "std":0.0571390623
    },
    "in_queue_max":{
        "max":5.3756440734,
        "mean":4.3688524557,
        "median":null,
        "std":0.4142733901
    },
    "in_system_mean":{
        "max":null,
        "mean":1.4141415846,
        "median":1.4032791474,
        "std":0.0571470663
    },
    "in_system_max":{
        "max":5.4036257196,
        "mean":4.3890827015,
        "median":null,
        "std":0.414487834
    },
    "service_time_mean":{
        "max":null,
        "mean":14.9987669084,
        "median":15.0019796121,
        "std":0.0421126248
    }
}

{
    "id_total_unique_arrivals":{
        "mean":56495.8,
        "std":245.7161805403,
        "max":56951.0,
        "min":56056.0,
        "median":56485.0
    },
    "id_total_patients_returned_to_queue":{
        "mean":73091.0,
        "std":370.6928275726,
        "max":73883.0,
        "min":72395.0,
        "median":73081.5
    },
    "id_total_patients_served":{
        "mean":73038.2,
        "std":363.406905975,
        "max":73800.0,
        "min":72293.0,
        "median":73026.5
    }
}

{
    "('queue_size_mean', 'mean')":{
        "total":78.697654321
    },
    "('queue_size_mean', 'std')":{
        "total":4.1257235859
    },
    "('queue_size_mean', 'median')":{
        "total":77.8925925926
    },
    "('queue_size_max', 'mean')":{
        "total":234.1
    },
    "('queue_size_max', 'std')":{
        "total":30.6024001763
    },
    "('queue_size_max', 'max')":{
        "total":314
    }
}

{
    "('utilization_mean', 'mean')":{
        "Single_Queue":0.9840203206
    },
    "('utilization_mean', 'std')":{
        "Single_Queue":0.0051509387
    },
    "('utilization_mean', 'median')":{
        "Single_Queue":0.9833025844
    },
    "('utilization_max', 'mean')":{
        "Single_Queue":1.1146934406
    },
    "('utilization_max', 'std')":{
        "Single_Queue":0.0166273854
    },
    "('utilization_max', 'max')":{
        "Single_Queue":1.1521276712
    }
}