{
    "Stage_1\/2":{
        "count_mean":2669.6666666667,
        "count_std":56.8156931534,
        "count_max":2785.0,
        "count_min":2579.0,
        "count_median":2660.5,
        "percentage_of_total_scans_mean":3.7221938426,
        "percentage_of_total_scans_std":0.0799211229,
        "percentage_of_total_scans_max":3.8731121186,
        "percentage_of_total_scans_min":3.5861111111,
        "percentage_of_total_scans_median":3.7117909903,
        "percentage_of_positive_biopsies_mean":68.7939752014,
        "percentage_of_positive_biopsies_std":0.937827266,
        "percentage_of_positive_biopsies_max":71.4652296638,
        "percentage_of_positive_biopsies_min":67.0977754785,
        "percentage_of_positive_biopsies_median":68.8648672348
    },
    "Stage_3\/4":{
        "count_mean":1210.8666666667,
        "count_std":37.1378915463,
        "count_max":1281.0,
        "count_min":1112.0,
        "count_median":1201.5,
        "percentage_of_total_scans_mean":1.6883016439,
        "percentage_of_total_scans_std":0.0535451724,
        "percentage_of_total_scans_max":1.7980713895,
        "percentage_of_total_scans_min":1.5464634384,
        "percentage_of_total_scans_median":1.6783351876,
        "percentage_of_positive_biopsies_mean":31.2060247986,
        "percentage_of_positive_biopsies_std":0.937827266,
        "percentage_of_positive_biopsies_max":32.9022245215,
        "percentage_of_positive_biopsies_min":28.5347703362,
        "percentage_of_positive_biopsies_median":31.1351327652
    }
}

{
    "in_queue_mean":{
        "max":null,
        "mean":137.7750032031,
        "median":138.0565953229,
        "std":2.9797050145
    },
    "in_queue_max":{
        "max":202.4125728241,
        "mean":195.4755219557,
        "median":null,
        "std":3.6886345938
    },
    "in_system_mean":{
        "max":null,
        "mean":137.7854133866,
        "median":138.0669782758,
        "std":2.9797102725
    },
    "in_system_max":{
        "max":202.4250707338,
        "mean":195.4952660002,
        "median":null,
        "std":3.6858504237
    },
    "service_time_mean":{
        "max":null,
        "mean":14.99066435,
        "median":14.9886963899,
        "std":0.0423478812
    }
}

{
    "id_total_unique_arrivals":{
        "mean":72051.9666666667,
        "std":239.2073812916,
        "max":72490.0,
        "min":71613.0,
        "median":72021.5
    },
    "id_total_patients_returned_to_queue":{
        "mean":87127.4,
        "std":278.5813321468,
        "max":87696.0,
        "min":86393.0,
        "median":87153.5
    },
    "id_total_patients_served":{
        "mean":71939.6333333333,
        "std":277.8712779804,
        "max":72545.0,
        "min":71209.0,
        "median":71974.5
    }
}

{
    "('queue_size_mean', 'mean')":{
        "total":10648.3614506173
    },
    "('queue_size_mean', 'std')":{
        "total":226.5896071774
    },
    "('queue_size_mean', 'median')":{
        "total":10684.287037037
    },
    "('queue_size_max', 'mean')":{
        "total":15224.6333333333
    },
    "('queue_size_max', 'std')":{
        "total":295.3128654592
    },
    "('queue_size_max', 'max')":{
        "total":15825
    }
}

{
    "('utilization_mean', 'mean')":{
        "Single_Queue":1.0281314381
    },
    "('utilization_mean', 'std')":{
        "Single_Queue":0.000702841
    },
    "('utilization_mean', 'median')":{
        "Single_Queue":1.0279915609
    },
    "('utilization_max', 'mean')":{
        "Single_Queue":1.1181243228
    },
    "('utilization_max', 'std')":{
        "Single_Queue":0.0162551671
    },
    "('utilization_max', 'max')":{
        "Single_Queue":1.177630944
    }
}