{
    "Stage_1\/2":{
        "count_mean":1252.3,
        "count_std":37.8282415937,
        "count_max":1325.0,
        "count_min":1148.0,
        "count_median":1249.5,
        "percentage_of_total_scans_mean":5.3873456797,
        "percentage_of_total_scans_std":0.1628407781,
        "percentage_of_total_scans_max":5.6467078628,
        "percentage_of_total_scans_min":4.9414600551,
        "percentage_of_total_scans_median":5.3710954503,
        "percentage_of_positive_biopsies_mean":69.8607507031,
        "percentage_of_positive_biopsies_std":1.1342444471,
        "percentage_of_positive_biopsies_max":71.5388858246,
        "percentage_of_positive_biopsies_min":67.6089517079,
        "percentage_of_positive_biopsies_median":70.0897773375
    },
    "Stage_3\/4":{
        "count_mean":540.1333333333,
        "count_std":21.2647244456,
        "count_max":578.0,
        "count_min":500.0,
        "count_median":538.5,
        "percentage_of_total_scans_mean":2.3237724997,
        "percentage_of_total_scans_std":0.095107357,
        "percentage_of_total_scans_max":2.5022728257,
        "percentage_of_total_scans_min":2.1162229653,
        "percentage_of_total_scans_median":2.3136417333,
        "percentage_of_positive_biopsies_mean":30.1392492969,
        "percentage_of_positive_biopsies_std":1.1342444471,
        "percentage_of_positive_biopsies_max":32.3910482921,
        "percentage_of_positive_biopsies_min":28.4611141754,
        "percentage_of_positive_biopsies_median":29.9102226625
    }
}

{
    "in_queue_mean":{
        "mean":9.8905457047,
        "std":2.2343163771,
        "median":9.9406101746,
        "max":null
    },
    "in_queue_max":{
        "mean":28.4458349404,
        "std":6.0512026346,
        "median":null,
        "max":40.4280211411
    },
    "in_system_mean":{
        "mean":9.9009747364,
        "std":2.2343708766,
        "median":9.9509949584,
        "max":null
    },
    "in_system_max":{
        "mean":28.4574091479,
        "std":6.0510487741,
        "median":null,
        "max":40.429675604
    },
    "service_time_mean":{
        "mean":15.017805721,
        "std":0.1037440911,
        "median":14.9973104288,
        "max":null
    }
}

{
    "('id', 'total_unique_arrivals')":{
        "mean":17173.8,
        "std":70.8171029411,
        "max":17292.0,
        "min":17023.0,
        "median":17178.5
    },
    "('id', 'total_patients_returned_to_queue')":{
        "mean":23245.6333333333,
        "std":135.5289721751,
        "max":23627.0,
        "min":22987.0,
        "median":23250.0
    }
}

{
    "('queue_size_mean', 'mean')":{
        "total":215.9530555556
    },
    "('queue_size_mean', 'std')":{
        "total":50.2855801179
    },
    "('queue_size_mean', 'median')":{
        "total":218.1981481481
    },
    "('queue_size_max', 'mean')":{
        "total":681.1
    },
    "('queue_size_max', 'std')":{
        "total":144.7836316715
    },
    "('queue_size_max', 'max')":{
        "total":973
    }
}

{
    "('utilization_mean', 'mean')":{
        "Single_Queue":0.7385115496
    },
    "('utilization_mean', 'std')":{
        "Single_Queue":0.0034930903
    },
    "('utilization_mean', 'median')":{
        "Single_Queue":0.7392223497
    },
    "('utilization_max', 'mean')":{
        "Single_Queue":1.2269709436
    },
    "('utilization_max', 'std')":{
        "Single_Queue":0.0378824235
    },
    "('utilization_max', 'max')":{
        "Single_Queue":1.2973761757
    }
}