{
    "Stage_1\/2":{
        "count_mean":2395.6666666667,
        "count_std":56.1385805831,
        "count_max":2494.0,
        "count_min":2276.0,
        "count_median":2403.0,
        "percentage_of_total_scans_mean":3.5127505059,
        "percentage_of_total_scans_std":0.0768517732,
        "percentage_of_total_scans_max":3.633164724,
        "percentage_of_total_scans_min":3.3306516492,
        "percentage_of_total_scans_median":3.5123344102,
        "percentage_of_positive_biopsies_mean":64.8798761933,
        "percentage_of_positive_biopsies_std":0.7825656487,
        "percentage_of_positive_biopsies_max":66.2408263115,
        "percentage_of_positive_biopsies_min":62.9179331307,
        "percentage_of_positive_biopsies_median":64.9159360819
    },
    "Stage_3\/4":{
        "count_mean":1296.6666666667,
        "count_std":34.307266078,
        "count_max":1381.0,
        "count_min":1242.0,
        "count_median":1292.5,
        "percentage_of_total_scans_mean":1.9013258362,
        "percentage_of_total_scans_std":0.0488462654,
        "percentage_of_total_scans_max":2.0053728309,
        "percentage_of_total_scans_min":1.8100998324,
        "percentage_of_total_scans_median":1.8972934047,
        "percentage_of_positive_biopsies_mean":35.1201238067,
        "percentage_of_positive_biopsies_std":0.7825656487,
        "percentage_of_positive_biopsies_max":37.0820668693,
        "percentage_of_positive_biopsies_min":33.7591736885,
        "percentage_of_positive_biopsies_median":35.0840639181
    }
}

{
    "in_queue_mean":{
        "max":null,
        "mean":222.5090596767,
        "median":221.5112945462,
        "std":4.5675429793
    },
    "in_queue_max":{
        "max":319.4791453624,
        "mean":310.5195367121,
        "median":null,
        "std":5.3095658268
    },
    "in_system_mean":{
        "max":null,
        "mean":222.5194838944,
        "median":221.5216634297,
        "std":4.5675535884
    },
    "in_system_max":{
        "max":319.5182105667,
        "mean":310.5409494695,
        "median":null,
        "std":5.3087078112
    },
    "service_time_mean":{
        "max":null,
        "mean":15.0108734213,
        "median":15.0050368734,
        "std":0.0549469745
    }
}

{
    "id_total_unique_arrivals":{
        "mean":80844.9666666667,
        "std":298.7819506312,
        "max":81281.0,
        "min":80079.0,
        "median":80839.0
    },
    "id_total_patients_returned_to_queue":{
        "mean":94136.6333333333,
        "std":302.5749816826,
        "max":94899.0,
        "min":93594.0,
        "median":94115.5
    },
    "id_total_patients_served":{
        "mean":68407.9666666667,
        "std":361.1765719035,
        "max":69181.0,
        "min":67790.0,
        "median":68426.5
    }
}

{
    "('queue_size_mean', 'mean')":{
        "total":18152.4219753086
    },
    "('queue_size_mean', 'std')":{
        "total":361.0635676188
    },
    "('queue_size_mean', 'median')":{
        "total":18095.6888888889
    },
    "('queue_size_max', 'mean')":{
        "total":25751.6
    },
    "('queue_size_max', 'std')":{
        "total":440.4543578843
    },
    "('queue_size_max', 'max')":{
        "total":26676
    }
}

{
    "('utilization_mean', 'mean')":{
        "Single_Queue":1.0280485128
    },
    "('utilization_mean', 'std')":{
        "Single_Queue":0.0007617513
    },
    "('utilization_mean', 'median')":{
        "Single_Queue":1.0280032911
    },
    "('utilization_max', 'mean')":{
        "Single_Queue":1.120187449
    },
    "('utilization_max', 'std')":{
        "Single_Queue":0.0154580044
    },
    "('utilization_max', 'max')":{
        "Single_Queue":1.1600225538
    }
}