{
    "Stage_1\/2":{
        "count_mean":2490.3666666667,
        "count_std":55.984285562,
        "count_max":2690.0,
        "count_min":2379.0,
        "count_median":2481.5,
        "percentage_of_total_scans_mean":3.57765953,
        "percentage_of_total_scans_std":0.078826393,
        "percentage_of_total_scans_max":3.8362259523,
        "percentage_of_total_scans_min":3.4195774041,
        "percentage_of_total_scans_median":3.5736134626,
        "percentage_of_positive_biopsies_mean":65.8509205078,
        "percentage_of_positive_biopsies_std":0.7524335716,
        "percentage_of_positive_biopsies_max":67.2668167042,
        "percentage_of_positive_biopsies_min":64.2269954919,
        "percentage_of_positive_biopsies_median":66.06927273
    },
    "Stage_3\/4":{
        "count_mean":1291.4333333333,
        "count_std":36.7851950479,
        "count_max":1358.0,
        "count_min":1238.0,
        "count_median":1284.0,
        "percentage_of_total_scans_mean":1.855249096,
        "percentage_of_total_scans_std":0.0513880019,
        "percentage_of_total_scans_max":1.9505889112,
        "percentage_of_total_scans_min":1.7706709384,
        "percentage_of_total_scans_median":1.8407136379,
        "percentage_of_positive_biopsies_mean":34.1490794922,
        "percentage_of_positive_biopsies_std":0.7524335716,
        "percentage_of_positive_biopsies_max":35.7730045081,
        "percentage_of_positive_biopsies_min":32.7331832958,
        "percentage_of_positive_biopsies_median":33.93072727
    }
}

{
    "in_queue_mean":{
        "max":null,
        "mean":189.6334754915,
        "median":190.0371076549,
        "std":3.8562677341
    },
    "in_queue_max":{
        "max":275.3443830257,
        "mean":266.1296941107,
        "median":null,
        "std":5.5544705188
    },
    "in_system_mean":{
        "max":null,
        "mean":189.6438996768,
        "median":190.0475341182,
        "std":3.8562827154
    },
    "in_system_max":{
        "max":275.3615531321,
        "mean":266.1477794151,
        "median":null,
        "std":5.5533037786
    },
    "service_time_mean":{
        "max":null,
        "mean":15.0108268015,
        "median":15.0155801161,
        "std":0.0522859251
    }
}

{
    "id_total_unique_arrivals":{
        "mean":77331.8666666667,
        "std":341.6728353803,
        "max":78053.0,
        "min":76755.0,
        "median":77312.0
    },
    "id_total_patients_returned_to_queue":{
        "mean":91349.2666666667,
        "std":291.6950383574,
        "max":91869.0,
        "min":90786.0,
        "median":91346.5
    },
    "id_total_patients_served":{
        "mean":69822.5,
        "std":325.0295212056,
        "max":70398.0,
        "min":69153.0,
        "median":69807.0
    }
}

{
    "('queue_size_mean', 'mean')":{
        "total":15154.3643209877
    },
    "('queue_size_mean', 'std')":{
        "total":320.2005454613
    },
    "('queue_size_mean', 'median')":{
        "total":15187.1101851852
    },
    "('queue_size_max', 'mean')":{
        "total":21554.1
    },
    "('queue_size_max', 'std')":{
        "total":521.0847670799
    },
    "('queue_size_max', 'max')":{
        "total":22620
    }
}

{
    "('utilization_mean', 'mean')":{
        "Single_Queue":1.0282941546
    },
    "('utilization_mean', 'std')":{
        "Single_Queue":0.0004786289
    },
    "('utilization_mean', 'median')":{
        "Single_Queue":1.028263878
    },
    "('utilization_max', 'mean')":{
        "Single_Queue":1.1191260779
    },
    "('utilization_max', 'std')":{
        "Single_Queue":0.0156969677
    },
    "('utilization_max', 'max')":{
        "Single_Queue":1.1653008096
    }
}