{
    "Stage_1\/2":{
        "count_mean":2289.2666666667,
        "count_std":48.7590368871,
        "count_max":2400.0,
        "count_min":2168.0,
        "count_median":2288.5,
        "percentage_of_total_scans_mean":3.4441492704,
        "percentage_of_total_scans_std":0.0658651636,
        "percentage_of_total_scans_max":3.5675000743,
        "percentage_of_total_scans_min":3.2979403085,
        "percentage_of_total_scans_median":3.4538392004,
        "percentage_of_positive_biopsies_mean":63.5906562892,
        "percentage_of_positive_biopsies_std":0.7997213915,
        "percentage_of_positive_biopsies_max":65.1207464325,
        "percentage_of_positive_biopsies_min":61.6543412764,
        "percentage_of_positive_biopsies_median":63.5709846061
    },
    "Stage_3\/4":{
        "count_mean":1310.6,
        "count_std":31.1299833291,
        "count_max":1400.0,
        "count_min":1256.0,
        "count_median":1313.0,
        "percentage_of_total_scans_mean":1.9719447574,
        "percentage_of_total_scans_std":0.050782166,
        "percentage_of_total_scans_max":2.1093549894,
        "percentage_of_total_scans_min":1.8901876803,
        "percentage_of_total_scans_median":1.9741816329,
        "percentage_of_positive_biopsies_mean":36.4093437108,
        "percentage_of_positive_biopsies_std":0.7997213915,
        "percentage_of_positive_biopsies_max":38.3456587236,
        "percentage_of_positive_biopsies_min":34.8792535675,
        "percentage_of_positive_biopsies_median":36.4290153939
    }
}

{
    "in_queue_mean":{
        "mean":267.1345721711,
        "std":4.1126283179,
        "median":268.4180501472,
        "max":null
    },
    "in_queue_max":{
        "mean":370.8540199855,
        "std":5.2162343021,
        "median":null,
        "max":382.7774658499
    },
    "in_system_mean":{
        "mean":267.1449894866,
        "std":4.1126464153,
        "median":268.4284859738,
        "max":null
    },
    "in_system_max":{
        "mean":370.8717285414,
        "std":5.2168065968,
        "median":null,
        "max":382.7865076837
    },
    "service_time_mean":{
        "mean":15.0009343266,
        "std":0.0609706192,
        "median":14.9914483194,
        "max":null
    }
}

{
    "('id', 'total_unique_arrivals')":{
        "mean":63194.6,
        "std":360.5303182048,
        "max":63865.0,
        "min":62545.0,
        "median":63126.0
    },
    "('id', 'total_patients_returned_to_queue')":{
        "mean":66466.8333333333,
        "std":431.2539921521,
        "max":67274.0,
        "min":65731.0,
        "median":66428.0
    }
}

{
    "('queue_size_mean', 'mean')":{
        "total":22498.475308642
    },
    "('queue_size_mean', 'std')":{
        "total":341.4672521671
    },
    "('queue_size_mean', 'median')":{
        "total":22588.5847222222
    },
    "('queue_size_max', 'mean')":{
        "total":31872.2333333333
    },
    "('queue_size_max', 'std')":{
        "total":486.348227971
    },
    "('queue_size_max', 'max')":{
        "total":32766
    }
}

{
    "('utilization_mean', 'mean')":{
        "Single_Queue":0.9496776834
    },
    "('utilization_mean', 'std')":{
        "Single_Queue":0.0021235216
    },
    "('utilization_mean', 'median')":{
        "Single_Queue":0.9495078955
    },
    "('utilization_max', 'mean')":{
        "Single_Queue":1.1253483929
    },
    "('utilization_max', 'std')":{
        "Single_Queue":0.0123626234
    },
    "('utilization_max', 'max')":{
        "Single_Queue":1.1526756223
    }
}