{
    "Stage_1\/2":{
        "count_mean":2759.0,
        "count_std":53.9329085132,
        "count_max":2856.0,
        "count_min":2636.0,
        "count_median":2752.5,
        "percentage_of_total_scans_mean":3.7703765923,
        "percentage_of_total_scans_std":0.0733410253,
        "percentage_of_total_scans_max":3.8880335123,
        "percentage_of_total_scans_min":3.6121464591,
        "percentage_of_total_scans_median":3.7693098903,
        "percentage_of_positive_biopsies_mean":69.9738202973,
        "percentage_of_positive_biopsies_std":0.8268087293,
        "percentage_of_positive_biopsies_max":71.69238553,
        "percentage_of_positive_biopsies_min":68.1841432225,
        "percentage_of_positive_biopsies_median":69.9782172881
    },
    "Stage_3\/4":{
        "count_mean":1183.8333333333,
        "count_std":35.0812685389,
        "count_max":1252.0,
        "count_min":1119.0,
        "count_median":1180.5,
        "percentage_of_total_scans_mean":1.6177880168,
        "percentage_of_total_scans_std":0.0475720183,
        "percentage_of_total_scans_max":1.7051373431,
        "percentage_of_total_scans_min":1.5213519503,
        "percentage_of_total_scans_median":1.611315677,
        "percentage_of_positive_biopsies_mean":30.0261797027,
        "percentage_of_positive_biopsies_std":0.8268087293,
        "percentage_of_positive_biopsies_max":31.8158567775,
        "percentage_of_positive_biopsies_min":28.30761447,
        "percentage_of_positive_biopsies_median":30.0217827119
    }
}

{
    "in_queue_mean":{
        "mean":104.142740511,
        "std":3.9066770522,
        "median":103.6034370945,
        "max":null
    },
    "in_queue_max":{
        "mean":149.8263529775,
        "std":5.6009998234,
        "median":null,
        "max":164.4322078336
    },
    "in_system_mean":{
        "mean":104.1531623919,
        "std":3.9067022902,
        "median":103.6138733155,
        "max":null
    },
    "in_system_max":{
        "mean":149.8493930078,
        "std":5.6034691935,
        "median":null,
        "max":164.4507212663
    },
    "service_time_mean":{
        "mean":15.0075084571,
        "std":0.057697035,
        "median":15.011257435,
        "max":null
    }
}

{
    "('id', 'total_unique_arrivals')":{
        "mean":62840.5333333333,
        "std":141.661990457,
        "max":63029.0,
        "min":62473.0,
        "median":62892.5
    },
    "('id', 'total_patients_returned_to_queue')":{
        "mean":73176.3333333333,
        "std":335.969757807,
        "max":73928.0,
        "min":72093.0,
        "median":73160.0
    }
}

{
    "('queue_size_mean', 'mean')":{
        "total":7871.7780246914
    },
    "('queue_size_mean', 'std')":{
        "total":293.8799459577
    },
    "('queue_size_mean', 'median')":{
        "total":7842.3268518519
    },
    "('queue_size_max', 'mean')":{
        "total":11333.3666666667
    },
    "('queue_size_max', 'std')":{
        "total":385.9083760592
    },
    "('queue_size_max', 'max')":{
        "total":12226
    }
}

{
    "('utilization_mean', 'mean')":{
        "Single_Queue":0.8963995058
    },
    "('utilization_mean', 'std')":{
        "Single_Queue":0.0012151157
    },
    "('utilization_mean', 'median')":{
        "Single_Queue":0.8964942584
    },
    "('utilization_max', 'mean')":{
        "Single_Queue":1.1226372591
    },
    "('utilization_max', 'std')":{
        "Single_Queue":0.0153403208
    },
    "('utilization_max', 'max')":{
        "Single_Queue":1.1597957288
    }
}