{
    "Stage_1\/2":{
        "count_mean":2751.9666666667,
        "count_std":61.0429375922,
        "count_max":2869.0,
        "count_min":2643.0,
        "count_median":2764.0,
        "percentage_of_total_scans_mean":3.8029159109,
        "percentage_of_total_scans_std":0.0856814617,
        "percentage_of_total_scans_max":3.9606283995,
        "percentage_of_total_scans_min":3.6332893435,
        "percentage_of_total_scans_median":3.8191794402,
        "percentage_of_positive_biopsies_mean":69.9912665746,
        "percentage_of_positive_biopsies_std":0.9412375923,
        "percentage_of_positive_biopsies_max":71.2661498708,
        "percentage_of_positive_biopsies_min":68.1677817808,
        "percentage_of_positive_biopsies_median":70.1529475224
    },
    "Stage_3\/4":{
        "count_mean":1179.7,
        "count_std":35.9819399144,
        "count_max":1239.0,
        "count_min":1112.0,
        "count_median":1177.0,
        "percentage_of_total_scans_mean":1.6302429499,
        "percentage_of_total_scans_std":0.0510657964,
        "percentage_of_total_scans_max":1.7169225653,
        "percentage_of_total_scans_min":1.5365270619,
        "percentage_of_total_scans_median":1.6307408233,
        "percentage_of_positive_biopsies_mean":30.0087334254,
        "percentage_of_positive_biopsies_std":0.9412375923,
        "percentage_of_positive_biopsies_max":31.8322182192,
        "percentage_of_positive_biopsies_min":28.7338501292,
        "percentage_of_positive_biopsies_median":29.8470524776
    }
}

{
    "in_queue_mean":{
        "max":null,
        "mean":121.3037087135,
        "median":121.4676207819,
        "std":3.4882807456
    },
    "in_queue_max":{
        "max":181.7511989579,
        "mean":173.0689108528,
        "median":null,
        "std":4.862450923
    },
    "in_system_mean":{
        "max":null,
        "mean":121.3141177391,
        "median":121.4780168452,
        "std":3.4882870786
    },
    "in_system_max":{
        "max":181.7601067919,
        "mean":173.0906839967,
        "median":null,
        "std":4.8633660831
    },
    "service_time_mean":{
        "max":null,
        "mean":14.9889967613,
        "median":14.991501965,
        "std":0.0532171495
    }
}

{
    "id_total_unique_arrivals":{
        "mean":70431.3666666667,
        "std":290.3200948458,
        "max":71028.0,
        "min":69753.0,
        "median":70399.5
    },
    "id_total_patients_returned_to_queue":{
        "mean":85854.2,
        "std":351.8878543925,
        "max":86671.0,
        "min":85132.0,
        "median":85813.5
    },
    "id_total_patients_served":{
        "mean":72582.8333333333,
        "std":301.2136466356,
        "max":73018.0,
        "min":71881.0,
        "median":72635.5
    }
}

{
    "('queue_size_mean', 'mean')":{
        "total":9277.165462963
    },
    "('queue_size_mean', 'std')":{
        "total":266.7328162097
    },
    "('queue_size_mean', 'median')":{
        "total":9293.9046296296
    },
    "('queue_size_max', 'mean')":{
        "total":13318.3333333333
    },
    "('queue_size_max', 'std')":{
        "total":373.1059139018
    },
    "('queue_size_max', 'max')":{
        "total":13969
    }
}

{
    "('utilization_mean', 'mean')":{
        "Single_Queue":1.0282756455
    },
    "('utilization_mean', 'std')":{
        "Single_Queue":0.0006735622
    },
    "('utilization_mean', 'median')":{
        "Single_Queue":1.0282280237
    },
    "('utilization_max', 'mean')":{
        "Single_Queue":1.1229432825
    },
    "('utilization_max', 'std')":{
        "Single_Queue":0.0192958693
    },
    "('utilization_max', 'max')":{
        "Single_Queue":1.185124707
    }
}