{
    "Stage_1\/2":{
        "count_mean":2597.3,
        "count_std":37.5859016122,
        "count_max":2682.0,
        "count_min":2509.0,
        "count_median":2595.0,
        "percentage_of_total_scans_mean":3.7944598333,
        "percentage_of_total_scans_std":0.0549493161,
        "percentage_of_total_scans_max":3.9255865693,
        "percentage_of_total_scans_min":3.6816387621,
        "percentage_of_total_scans_median":3.7889153378,
        "percentage_of_positive_biopsies_mean":70.0616129486,
        "percentage_of_positive_biopsies_std":0.7434882004,
        "percentage_of_positive_biopsies_max":72.0681131557,
        "percentage_of_positive_biopsies_min":68.2946573125,
        "percentage_of_positive_biopsies_median":70.0522110085
    },
    "Stage_3\/4":{
        "count_mean":1110.0,
        "count_std":34.3169808173,
        "count_max":1175.0,
        "count_min":1017.0,
        "count_median":1115.5,
        "percentage_of_total_scans_mean":1.6215603884,
        "percentage_of_total_scans_std":0.0478802802,
        "percentage_of_total_scans_max":1.7124285881,
        "percentage_of_total_scans_min":1.4886049269,
        "percentage_of_total_scans_median":1.6272997628,
        "percentage_of_positive_biopsies_mean":29.9383870514,
        "percentage_of_positive_biopsies_std":0.7434882004,
        "percentage_of_positive_biopsies_max":31.7053426875,
        "percentage_of_positive_biopsies_min":27.9318868443,
        "percentage_of_positive_biopsies_median":29.9477889915
    }
}

{
    "in_queue_mean":{
        "max":null,
        "mean":1.1875948116,
        "median":1.1870094691,
        "std":0.0152933012
    },
    "in_queue_max":{
        "max":3.9792336512,
        "mean":3.5941048027,
        "median":null,
        "std":0.2350206603
    },
    "in_system_mean":{
        "max":null,
        "mean":1.1980103756,
        "median":1.1973971279,
        "std":0.0153135965
    },
    "in_system_max":{
        "max":4.025168848,
        "mean":3.6126935533,
        "median":null,
        "std":0.2376576458
    },
    "service_time_mean":{
        "max":null,
        "mean":14.9984121916,
        "median":14.987990972,
        "std":0.0522370794
    }
}

{
    "id_total_unique_arrivals":{
        "mean":53074.1333333333,
        "std":210.4285829106,
        "max":53573.0,
        "min":52702.0,
        "median":53063.5
    },
    "id_total_patients_returned_to_queue":{
        "mean":68677.4666666667,
        "std":287.1295194151,
        "max":69366.0,
        "min":68153.0,
        "median":68646.0
    },
    "id_total_patients_served":{
        "mean":68655.3333333333,
        "std":288.7804718459,
        "max":69349.0,
        "min":68153.0,
        "median":68614.5
    }
}

{
    "('queue_size_mean', 'mean')":{
        "total":60.1777160494
    },
    "('queue_size_mean', 'std')":{
        "total":1.11144676
    },
    "('queue_size_mean', 'median')":{
        "total":60.2703703704
    },
    "('queue_size_max', 'mean')":{
        "total":177.1666666667
    },
    "('queue_size_max', 'std')":{
        "total":9.4288015596
    },
    "('queue_size_max', 'max')":{
        "total":207
    }
}

{
    "('utilization_mean', 'mean')":{
        "Single_Queue":0.9246470148
    },
    "('utilization_mean', 'std')":{
        "Single_Queue":0.0046377
    },
    "('utilization_mean', 'median')":{
        "Single_Queue":0.9242689589
    },
    "('utilization_max', 'mean')":{
        "Single_Queue":1.1180523482
    },
    "('utilization_max', 'std')":{
        "Single_Queue":0.0137018656
    },
    "('utilization_max', 'max')":{
        "Single_Queue":1.1420546399
    }
}