{
    "Stage_1\/2":{
        "count_mean":2873.7,
        "count_std":52.5994296547,
        "count_max":2987.0,
        "count_min":2780.0,
        "count_median":2866.5,
        "percentage_of_total_scans_mean":3.790340597,
        "percentage_of_total_scans_std":0.0669716626,
        "percentage_of_total_scans_max":3.9264400452,
        "percentage_of_total_scans_min":3.6747210913,
        "percentage_of_total_scans_median":3.7867806446,
        "percentage_of_positive_biopsies_mean":69.9059241676,
        "percentage_of_positive_biopsies_std":0.843765389,
        "percentage_of_positive_biopsies_max":71.6117676641,
        "percentage_of_positive_biopsies_min":68.2329907,
        "percentage_of_positive_biopsies_median":69.969956544
    },
    "Stage_3\/4":{
        "count_mean":1237.1666666667,
        "count_std":40.3442798863,
        "count_max":1324.0,
        "count_min":1129.0,
        "count_median":1240.0,
        "percentage_of_total_scans_mean":1.631805917,
        "percentage_of_total_scans_std":0.0530227906,
        "percentage_of_total_scans_max":1.7410514688,
        "percentage_of_total_scans_min":1.4884248273,
        "percentage_of_total_scans_median":1.6319132984,
        "percentage_of_positive_biopsies_mean":30.0940758324,
        "percentage_of_positive_biopsies_std":0.843765389,
        "percentage_of_positive_biopsies_max":31.7670093,
        "percentage_of_positive_biopsies_min":28.3882323359,
        "percentage_of_positive_biopsies_median":30.030043456
    }
}

{
    "in_queue_mean":{
        "max":null,
        "mean":11.0654020553,
        "median":10.9640526054,
        "std":3.1544770617
    },
    "in_queue_max":{
        "max":31.3959666018,
        "mean":18.2660575432,
        "median":null,
        "std":4.5141942492
    },
    "in_system_mean":{
        "max":null,
        "mean":11.0758220024,
        "median":10.9745001808,
        "std":3.1544907418
    },
    "in_system_max":{
        "max":31.4091319192,
        "mean":18.2842528466,
        "median":null,
        "std":4.5123025393
    },
    "service_time_mean":{
        "max":null,
        "mean":15.0047238383,
        "median":15.0031911162,
        "std":0.0473738418
    }
}

{
    "id_total_unique_arrivals":{
        "mean":59931.4666666667,
        "std":239.4029546865,
        "max":60462.0,
        "min":59528.0,
        "median":59902.5
    },
    "id_total_patients_returned_to_queue":{
        "mean":77143.5666666667,
        "std":244.3983017229,
        "max":77683.0,
        "min":76754.0,
        "median":77130.5
    },
    "id_total_patients_served":{
        "mean":76042.8333333333,
        "std":302.6938915043,
        "max":76613.0,
        "min":75408.0,
        "median":76063.0
    }
}

{
    "('queue_size_mean', 'mean')":{
        "total":769.9657716049
    },
    "('queue_size_mean', 'std')":{
        "total":224.6994829085
    },
    "('queue_size_mean', 'median')":{
        "total":761.4319444444
    },
    "('queue_size_max', 'mean')":{
        "total":1247.2333333333
    },
    "('queue_size_max', 'std')":{
        "total":313.3131828933
    },
    "('queue_size_max', 'max')":{
        "total":2119
    }
}

{
    "('utilization_mean', 'mean')":{
        "Single_Queue":1.0281557326
    },
    "('utilization_mean', 'std')":{
        "Single_Queue":0.0008469613
    },
    "('utilization_mean', 'median')":{
        "Single_Queue":1.028085989
    },
    "('utilization_max', 'mean')":{
        "Single_Queue":1.1189802568
    },
    "('utilization_max', 'std')":{
        "Single_Queue":0.0149750818
    },
    "('utilization_max', 'max')":{
        "Single_Queue":1.1538497036
    }
}