{
    "Stage_1\/2":{
        "count_mean":4104.9666666667,
        "count_std":67.7426587616,
        "count_max":4218.0,
        "count_min":3908.0,
        "count_median":4111.5,
        "percentage_of_total_scans_mean":5.4237208742,
        "percentage_of_total_scans_std":0.0850230878,
        "percentage_of_total_scans_max":5.5585572526,
        "percentage_of_total_scans_min":5.195979365,
        "percentage_of_total_scans_median":5.4264607342,
        "percentage_of_positive_biopsies_mean":70.0054753581,
        "percentage_of_positive_biopsies_std":0.5604857905,
        "percentage_of_positive_biopsies_max":71.0548958871,
        "percentage_of_positive_biopsies_min":68.7423043096,
        "percentage_of_positive_biopsies_median":70.067684792
    },
    "Stage_3\/4":{
        "count_mean":1758.7,
        "count_std":36.425786622,
        "count_max":1849.0,
        "count_min":1682.0,
        "count_median":1752.0,
        "percentage_of_total_scans_mean":2.3237607558,
        "percentage_of_total_scans_std":0.0498140116,
        "percentage_of_total_scans_max":2.4545985556,
        "percentage_of_total_scans_min":2.2214004596,
        "percentage_of_total_scans_median":2.3125814037,
        "percentage_of_positive_biopsies_mean":29.9945246419,
        "percentage_of_positive_biopsies_std":0.5604857905,
        "percentage_of_positive_biopsies_max":31.2576956904,
        "percentage_of_positive_biopsies_min":28.9451041129,
        "percentage_of_positive_biopsies_median":29.932315208
    }
}

{
    "in_queue_mean":{
        "mean":58.1083764382,
        "std":1.2948183496,
        "median":57.9389660131,
        "max":null
    },
    "in_queue_max":{
        "mean":173.8478453232,
        "std":3.4478516541,
        "median":null,
        "max":179.9859168394
    },
    "in_system_mean":{
        "mean":58.1187911623,
        "std":1.2948424589,
        "median":57.9493763762,
        "max":null
    },
    "in_system_max":{
        "mean":173.8652081728,
        "std":3.4481418477,
        "median":null,
        "max":179.998468776
    },
    "service_time_mean":{
        "mean":14.997202693,
        "std":0.0603766131,
        "median":14.9911777235,
        "max":null
    }
}

{
    "('id', 'total_unique_arrivals')":{
        "mean":61640.8333333333,
        "std":221.9470398671,
        "max":62148.0,
        "min":61274.0,
        "median":61666.0
    },
    "('id', 'total_patients_returned_to_queue')":{
        "mean":75685.1,
        "std":319.5938532489,
        "max":76205.0,
        "min":74938.0,
        "median":75690.0
    }
}

{
    "('queue_size_mean', 'mean')":{
        "total":5340.3761111111
    },
    "('queue_size_mean', 'std')":{
        "total":129.4918808369
    },
    "('queue_size_mean', 'median')":{
        "total":5322.0981481481
    },
    "('queue_size_max', 'mean')":{
        "total":16198.8666666667
    },
    "('queue_size_max', 'std')":{
        "total":336.482897381
    },
    "('queue_size_max', 'max')":{
        "total":16899
    }
}

{
    "('utilization_mean', 'mean')":{
        "Single_Queue":0.8574845792
    },
    "('utilization_mean', 'std')":{
        "Single_Queue":0.0029294726
    },
    "('utilization_mean', 'median')":{
        "Single_Queue":0.8574866926
    },
    "('utilization_max', 'mean')":{
        "Single_Queue":1.1287154413
    },
    "('utilization_max', 'std')":{
        "Single_Queue":0.0140198359
    },
    "('utilization_max', 'max')":{
        "Single_Queue":1.1627847665
    }
}