{
    "Stage_1\/2":{
        "count_mean":2870.2333333333,
        "count_std":53.1255398891,
        "count_max":2970.0,
        "count_min":2721.0,
        "count_median":2878.0,
        "percentage_of_total_scans_mean":3.8083001064,
        "percentage_of_total_scans_std":0.0675584435,
        "percentage_of_total_scans_max":3.9141264381,
        "percentage_of_total_scans_min":3.6292581428,
        "percentage_of_total_scans_median":3.8227953212,
        "percentage_of_positive_biopsies_mean":70.2094284354,
        "percentage_of_positive_biopsies_std":0.6758758376,
        "percentage_of_positive_biopsies_max":71.3100756282,
        "percentage_of_positive_biopsies_min":68.5693641618,
        "percentage_of_positive_biopsies_median":70.2711043043
    },
    "Stage_3\/4":{
        "count_mean":1217.9,
        "count_std":35.0549814454,
        "count_max":1305.0,
        "count_min":1173.0,
        "count_median":1209.0,
        "percentage_of_total_scans_mean":1.6160262111,
        "percentage_of_total_scans_std":0.0488145169,
        "percentage_of_total_scans_max":1.7455391777,
        "percentage_of_total_scans_min":1.5478609696,
        "percentage_of_total_scans_median":1.606313421,
        "percentage_of_positive_biopsies_mean":29.7905715646,
        "percentage_of_positive_biopsies_std":0.6758758376,
        "percentage_of_positive_biopsies_max":31.4306358382,
        "percentage_of_positive_biopsies_min":28.6899243718,
        "percentage_of_positive_biopsies_median":29.7288956957
    }
}

{
    "in_queue_mean":{
        "mean":2.2362218599,
        "std":0.4978012101,
        "median":2.1320137372,
        "max":null
    },
    "in_queue_max":{
        "mean":6.0043435642,
        "std":1.0924135593,
        "median":null,
        "max":9.3362855273
    },
    "in_system_mean":{
        "mean":2.2466405363,
        "std":0.4978136359,
        "median":2.1424355786,
        "max":null
    },
    "in_system_max":{
        "mean":6.0220763326,
        "std":1.0977523839,
        "median":null,
        "max":9.3984024914
    },
    "service_time_mean":{
        "mean":15.0028939829,
        "std":0.0450505445,
        "median":15.0039883232,
        "max":null
    }
}

{
    "('id', 'total_unique_arrivals')":{
        "mean":58331.9333333333,
        "std":273.7996918632,
        "max":58783.0,
        "min":57820.0,
        "median":58348.5
    },
    "('id', 'total_patients_returned_to_queue')":{
        "mean":75367.7666666667,
        "std":384.264427933,
        "max":75924.0,
        "min":74618.0,
        "median":75327.0
    }
}

{
    "('queue_size_mean', 'mean')":{
        "total":139.5107098765
    },
    "('queue_size_mean', 'std')":{
        "total":35.3800825881
    },
    "('queue_size_mean', 'median')":{
        "total":132.5513888889
    },
    "('queue_size_max', 'mean')":{
        "total":363.3333333333
    },
    "('queue_size_max', 'std')":{
        "total":84.9333748353
    },
    "('queue_size_max', 'max')":{
        "total":601
    }
}

{
    "('utilization_mean', 'mean')":{
        "Single_Queue":0.8525623195
    },
    "('utilization_mean', 'std')":{
        "Single_Queue":0.0045369979
    },
    "('utilization_mean', 'median')":{
        "Single_Queue":0.85174461
    },
    "('utilization_max', 'mean')":{
        "Single_Queue":1.1237266296
    },
    "('utilization_max', 'std')":{
        "Single_Queue":0.0158136086
    },
    "('utilization_max', 'max')":{
        "Single_Queue":1.1642895337
    }
}