{
    "Stage_1\/2":{
        "count_mean":2289.2666666667,
        "count_std":48.7590368871,
        "count_max":2400.0,
        "count_min":2168.0,
        "count_median":2288.5,
        "percentage_of_total_scans_mean":3.4547594908,
        "percentage_of_total_scans_std":0.0660773916,
        "percentage_of_total_scans_max":3.5788312134,
        "percentage_of_total_scans_min":3.3097720715,
        "percentage_of_total_scans_median":3.4642888865,
        "percentage_of_positive_biopsies_mean":63.5906562892,
        "percentage_of_positive_biopsies_std":0.7997213915,
        "percentage_of_positive_biopsies_max":65.1207464325,
        "percentage_of_positive_biopsies_min":61.6543412764,
        "percentage_of_positive_biopsies_median":63.5709846061
    },
    "Stage_3\/4":{
        "count_mean":1310.6,
        "count_std":31.1299833291,
        "count_max":1400.0,
        "count_min":1256.0,
        "count_median":1313.0,
        "percentage_of_total_scans_mean":1.9780174204,
        "percentage_of_total_scans_std":0.0508473196,
        "percentage_of_total_scans_max":2.1154427319,
        "percentage_of_total_scans_min":1.8967884432,
        "percentage_of_total_scans_median":1.979994124,
        "percentage_of_positive_biopsies_mean":36.4093437108,
        "percentage_of_positive_biopsies_std":0.7997213915,
        "percentage_of_positive_biopsies_max":38.3456587236,
        "percentage_of_positive_biopsies_min":34.8792535675,
        "percentage_of_positive_biopsies_median":36.4290153939
    }
}

{
    "in_queue_mean":{
        "max":null,
        "mean":267.1380825457,
        "median":268.4279361097,
        "std":4.1108386073
    },
    "in_queue_max":{
        "max":382.7774658499,
        "mean":370.8540199855,
        "median":null,
        "std":5.2162343021
    },
    "in_system_mean":{
        "max":null,
        "mean":267.1484995901,
        "median":268.4383737882,
        "std":4.1108573057
    },
    "in_system_max":{
        "max":382.7865076837,
        "mean":370.8717285414,
        "median":null,
        "std":5.2168065968
    },
    "service_time_mean":{
        "max":null,
        "mean":15.0005439853,
        "median":14.9935188233,
        "std":0.0623821311
    }
}

{
    "id_total_unique_arrivals":{
        "mean":86016.2,
        "std":322.9832279194,
        "max":86749.0,
        "min":85469.0,
        "median":86023.5
    },
    "id_total_patients_returned_to_queue":{
        "mean":98321.3333333333,
        "std":315.1284722506,
        "max":99041.0,
        "min":97779.0,
        "median":98341.5
    },
    "id_total_patients_served":{
        "mean":66466.8333333333,
        "std":431.2539921521,
        "max":67274.0,
        "min":65731.0,
        "median":66428.0
    }
}

{
    "('queue_size_mean', 'mean')":{
        "total":22498.475308642
    },
    "('queue_size_mean', 'std')":{
        "total":341.4672521671
    },
    "('queue_size_mean', 'median')":{
        "total":22588.5847222222
    },
    "('queue_size_max', 'mean')":{
        "total":31872.2333333333
    },
    "('queue_size_max', 'std')":{
        "total":486.348227971
    },
    "('queue_size_max', 'max')":{
        "total":32766
    }
}

{
    "('utilization_mean', 'mean')":{
        "Single_Queue":1.0281219779
    },
    "('utilization_mean', 'std')":{
        "Single_Queue":0.0006188615
    },
    "('utilization_mean', 'median')":{
        "Single_Queue":1.0280921167
    },
    "('utilization_max', 'mean')":{
        "Single_Queue":1.1169998321
    },
    "('utilization_max', 'std')":{
        "Single_Queue":0.0160336541
    },
    "('utilization_max', 'max')":{
        "Single_Queue":1.1526756223
    }
}