{
    "Stage_1\/2":{
        "count_mean":2588.8,
        "count_std":55.4009834346,
        "count_max":2763.0,
        "count_min":2498.0,
        "count_median":2579.5,
        "percentage_of_total_scans_mean":3.6460796519,
        "percentage_of_total_scans_std":0.0751350604,
        "percentage_of_total_scans_max":3.8812721245,
        "percentage_of_total_scans_min":3.5110898715,
        "percentage_of_total_scans_median":3.6346362554,
        "percentage_of_positive_biopsies_mean":67.4345957824,
        "percentage_of_positive_biopsies_std":0.6809372425,
        "percentage_of_positive_biopsies_max":68.9199301571,
        "percentage_of_positive_biopsies_min":65.846637006,
        "percentage_of_positive_biopsies_median":67.4657607461
    },
    "Stage_3\/4":{
        "count_mean":1250.1333333333,
        "count_std":33.4784885472,
        "count_max":1339.0,
        "count_min":1191.0,
        "count_median":1247.5,
        "percentage_of_total_scans_mean":1.7607434022,
        "percentage_of_total_scans_std":0.0480121971,
        "percentage_of_total_scans_max":1.8923922721,
        "percentage_of_total_scans_min":1.6828213751,
        "percentage_of_total_scans_median":1.7567390401,
        "percentage_of_positive_biopsies_mean":32.5654042176,
        "percentage_of_positive_biopsies_std":0.6809372425,
        "percentage_of_positive_biopsies_max":34.153362994,
        "percentage_of_positive_biopsies_min":31.0800698429,
        "percentage_of_positive_biopsies_median":32.5342392539
    }
}

{
    "in_queue_mean":{
        "max":null,
        "mean":155.7307622812,
        "median":155.7204523785,
        "std":3.1898066988
    },
    "in_queue_max":{
        "max":230.8197563859,
        "mean":220.377088395,
        "median":null,
        "std":4.5469298816
    },
    "in_system_mean":{
        "max":null,
        "mean":155.7411764686,
        "median":155.7308118119,
        "std":3.1898240343
    },
    "in_system_max":{
        "max":230.855098485,
        "mean":220.3981694966,
        "median":null,
        "std":4.5475783648
    },
    "service_time_mean":{
        "max":null,
        "mean":14.9964297905,
        "median":15.0069616514,
        "std":0.0601970019
    }
}

{
    "id_total_unique_arrivals":{
        "mean":73858.7333333333,
        "std":263.0831694027,
        "max":74450.0,
        "min":73344.0,
        "median":73899.5
    },
    "id_total_patients_returned_to_queue":{
        "mean":88574.8333333333,
        "std":305.5937221026,
        "max":89104.0,
        "min":88006.0,
        "median":88551.0
    },
    "id_total_patients_served":{
        "mean":71216.0333333333,
        "std":408.086745624,
        "max":72034.0,
        "min":70388.0,
        "median":71279.5
    }
}

{
    "('queue_size_mean', 'mean')":{
        "total":12177.6745987654
    },
    "('queue_size_mean', 'std')":{
        "total":248.605931391
    },
    "('queue_size_mean', 'median')":{
        "total":12190.1666666667
    },
    "('queue_size_max', 'mean')":{
        "total":17398.3333333333
    },
    "('queue_size_max', 'std')":{
        "total":398.7607815715
    },
    "('queue_size_max', 'max')":{
        "total":18153
    }
}

{
    "('utilization_mean', 'mean')":{
        "Single_Queue":1.0280454765
    },
    "('utilization_mean', 'std')":{
        "Single_Queue":0.0007769075
    },
    "('utilization_mean', 'median')":{
        "Single_Queue":1.0280534472
    },
    "('utilization_max', 'mean')":{
        "Single_Queue":1.1136629294
    },
    "('utilization_max', 'std')":{
        "Single_Queue":0.0158451373
    },
    "('utilization_max', 'max')":{
        "Single_Queue":1.1529773183
    }
}