{
    "Stage_1\/2":{
        "count_mean":2332.8333333333,
        "count_std":59.9367962126,
        "count_max":2478.0,
        "count_min":2204.0,
        "count_median":2329.5,
        "percentage_of_total_scans_mean":3.4859956889,
        "percentage_of_total_scans_std":0.0923805582,
        "percentage_of_total_scans_max":3.7039805085,
        "percentage_of_total_scans_min":3.2920581338,
        "percentage_of_total_scans_median":3.4828341584,
        "percentage_of_positive_biopsies_mean":64.1811494483,
        "percentage_of_positive_biopsies_std":0.9142815196,
        "percentage_of_positive_biopsies_max":66.7511261261,
        "percentage_of_positive_biopsies_min":62.5559284116,
        "percentage_of_positive_biopsies_median":64.2738603459
    },
    "Stage_3\/4":{
        "count_mean":1301.8333333333,
        "count_std":40.0629533345,
        "count_max":1378.0,
        "count_min":1181.0,
        "count_median":1308.5,
        "percentage_of_total_scans_mean":1.9452430558,
        "percentage_of_total_scans_std":0.0574528026,
        "percentage_of_total_scans_max":2.0503011193,
        "percentage_of_total_scans_min":1.7702696626,
        "percentage_of_total_scans_median":1.9531937698,
        "percentage_of_positive_biopsies_mean":35.8188505517,
        "percentage_of_positive_biopsies_std":0.9142815196,
        "percentage_of_positive_biopsies_max":37.4440715884,
        "percentage_of_positive_biopsies_min":33.2488738739,
        "percentage_of_positive_biopsies_median":35.7261396541
    }
}

{
    "in_queue_mean":{
        "max":null,
        "mean":253.1446784044,
        "median":253.393274161,
        "std":2.921339525
    },
    "in_queue_max":{
        "max":361.8390469429,
        "mean":351.8474578779,
        "median":null,
        "std":3.6524756866
    },
    "in_system_mean":{
        "max":null,
        "mean":253.1550927716,
        "median":253.4036847187,
        "std":2.9213493456
    },
    "in_system_max":{
        "max":361.8687957631,
        "mean":351.8678250489,
        "median":null,
        "std":3.6529582138
    },
    "service_time_mean":{
        "max":null,
        "mean":14.9966887213,
        "median":14.9985325246,
        "std":0.0510160081
    }
}

{
    "id_total_unique_arrivals":{
        "mean":84363.8333333333,
        "std":306.7431907271,
        "max":84939.0,
        "min":83461.0,
        "median":84380.0
    },
    "id_total_patients_returned_to_queue":{
        "mean":97006.1666666667,
        "std":351.4893517133,
        "max":97522.0,
        "min":96071.0,
        "median":97144.5
    },
    "id_total_patients_served":{
        "mean":67126.6333333333,
        "std":313.2689142633,
        "max":67770.0,
        "min":66334.0,
        "median":67096.5
    }
}

{
    "('queue_size_mean', 'mean')":{
        "total":21113.8720987654
    },
    "('queue_size_mean', 'std')":{
        "total":243.5730147946
    },
    "('queue_size_mean', 'median')":{
        "total":21135.7375
    },
    "('queue_size_max', 'mean')":{
        "total":29889.8
    },
    "('queue_size_max', 'std')":{
        "total":381.2196760128
    },
    "('queue_size_max', 'max')":{
        "total":30638
    }
}

{
    "('utilization_mean', 'mean')":{
        "Single_Queue":1.0279029945
    },
    "('utilization_mean', 'std')":{
        "Single_Queue":0.0006066391
    },
    "('utilization_mean', 'median')":{
        "Single_Queue":1.0278510395
    },
    "('utilization_max', 'mean')":{
        "Single_Queue":1.1187162383
    },
    "('utilization_max', 'std')":{
        "Single_Queue":0.0152659137
    },
    "('utilization_max', 'max')":{
        "Single_Queue":1.1668875149
    }
}