{
    "Stage_1\/2":{
        "count_mean":2451.3333333333,
        "count_std":54.7403484381,
        "count_max":2530.0,
        "count_min":2305.0,
        "count_median":2467.5,
        "percentage_of_total_scans_mean":3.5508425505,
        "percentage_of_total_scans_std":0.0710846656,
        "percentage_of_total_scans_max":3.6597557265,
        "percentage_of_total_scans_min":3.3688487453,
        "percentage_of_total_scans_median":3.5636444094,
        "percentage_of_positive_biopsies_mean":65.3367136964,
        "percentage_of_positive_biopsies_std":0.8411263879,
        "percentage_of_positive_biopsies_max":67.0875873186,
        "percentage_of_positive_biopsies_min":63.4778012685,
        "percentage_of_positive_biopsies_median":65.4180721969
    },
    "Stage_3\/4":{
        "count_mean":1300.4,
        "count_std":35.5572389448,
        "count_max":1382.0,
        "count_min":1225.0,
        "count_median":1296.5,
        "percentage_of_total_scans_mean":1.8837856351,
        "percentage_of_total_scans_std":0.0522248962,
        "percentage_of_total_scans_max":2.0100356338,
        "percentage_of_total_scans_min":1.7695407861,
        "percentage_of_total_scans_median":1.8849405815,
        "percentage_of_positive_biopsies_mean":34.6632863036,
        "percentage_of_positive_biopsies_std":0.8411263879,
        "percentage_of_positive_biopsies_max":36.5221987315,
        "percentage_of_positive_biopsies_min":32.9124126814,
        "percentage_of_positive_biopsies_median":34.5819278031
    }
}

{
    "in_queue_mean":{
        "max":null,
        "mean":204.9088452017,
        "median":205.6122629585,
        "std":3.1426898442
    },
    "in_queue_max":{
        "max":294.8343137781,
        "mean":286.4684012743,
        "median":null,
        "std":4.6238299125
    },
    "in_system_mean":{
        "max":null,
        "mean":204.9192612866,
        "median":205.6227084079,
        "std":3.1427225075
    },
    "in_system_max":{
        "max":294.8560943738,
        "mean":286.4875480989,
        "median":null,
        "std":4.6212804953
    },
    "service_time_mean":{
        "max":null,
        "mean":14.9991621784,
        "median":14.9940224029,
        "std":0.0666808405
    }
}

{
    "id_total_unique_arrivals":{
        "mean":79000.8,
        "std":190.5345294075,
        "max":79336.0,
        "min":78617.0,
        "median":79002.5
    },
    "id_total_patients_returned_to_queue":{
        "mean":92696.8666666667,
        "std":267.9571161435,
        "max":93188.0,
        "min":92147.0,
        "median":92699.5
    },
    "id_total_patients_served":{
        "mean":69241.5666666667,
        "std":432.2341066928,
        "max":70218.0,
        "min":68378.0,
        "median":69237.0
    }
}

{
    "('queue_size_mean', 'mean')":{
        "total":16539.2453703704
    },
    "('queue_size_mean', 'std')":{
        "total":227.3408154437
    },
    "('queue_size_mean', 'median')":{
        "total":16563.1819444444
    },
    "('queue_size_max', 'mean')":{
        "total":23480.7333333333
    },
    "('queue_size_max', 'std')":{
        "total":351.9285716452
    },
    "('queue_size_max', 'max')":{
        "total":24099
    }
}

{
    "('utilization_mean', 'mean')":{
        "Single_Queue":1.0282131484
    },
    "('utilization_mean', 'std')":{
        "Single_Queue":0.0007254082
    },
    "('utilization_mean', 'median')":{
        "Single_Queue":1.028041037
    },
    "('utilization_max', 'mean')":{
        "Single_Queue":1.1182266265
    },
    "('utilization_max', 'std')":{
        "Single_Queue":0.0218394136
    },
    "('utilization_max', 'max')":{
        "Single_Queue":1.2069119113
    }
}