{
    "Stage_1\/2":{
        "count_mean":2841.4666666667,
        "count_std":46.0754503661,
        "count_max":2925.0,
        "count_min":2763.0,
        "count_median":2835.0,
        "percentage_of_total_scans_mean":3.7941503722,
        "percentage_of_total_scans_std":0.0602147553,
        "percentage_of_total_scans_max":3.9230997065,
        "percentage_of_total_scans_min":3.6777233521,
        "percentage_of_total_scans_median":3.8067420999,
        "percentage_of_positive_biopsies_mean":70.0462490439,
        "percentage_of_positive_biopsies_std":0.6125355436,
        "percentage_of_positive_biopsies_max":71.5618860511,
        "percentage_of_positive_biopsies_min":68.8512334912,
        "percentage_of_positive_biopsies_median":70.0185131451
    },
    "Stage_3\/4":{
        "count_mean":1215.0,
        "count_std":25.8002940374,
        "count_max":1273.0,
        "count_min":1158.0,
        "count_median":1214.5,
        "percentage_of_total_scans_mean":1.6223648548,
        "percentage_of_total_scans_std":0.0341067558,
        "percentage_of_total_scans_max":1.696858213,
        "percentage_of_total_scans_min":1.5590080508,
        "percentage_of_total_scans_median":1.6200029473,
        "percentage_of_positive_biopsies_mean":29.9537509561,
        "percentage_of_positive_biopsies_std":0.6125355436,
        "percentage_of_positive_biopsies_max":31.1487665088,
        "percentage_of_positive_biopsies_min":28.4381139489,
        "percentage_of_positive_biopsies_median":29.9814868549
    }
}

{
    "in_queue_mean":{
        "max":null,
        "mean":48.0283517129,
        "median":48.2614396348,
        "std":3.475598096
    },
    "in_queue_max":{
        "max":82.4458019408,
        "mean":71.0505651532,
        "median":null,
        "std":4.449053794
    },
    "in_system_mean":{
        "max":null,
        "mean":48.0387646625,
        "median":48.2718454773,
        "std":3.4756027425
    },
    "in_system_max":{
        "max":82.4834047635,
        "mean":71.0712566145,
        "median":null,
        "std":4.4526128368
    },
    "service_time_mean":{
        "max":null,
        "mean":14.9946473248,
        "median":14.9932540395,
        "std":0.0569986779
    }
}

{
    "id_total_unique_arrivals":{
        "mean":63464.0,
        "std":240.4312217949,
        "max":63893.0,
        "min":62924.0,
        "median":63470.5
    },
    "id_total_patients_returned_to_queue":{
        "mean":80194.4666666667,
        "std":251.8830781483,
        "max":80611.0,
        "min":79659.0,
        "median":80219.0
    },
    "id_total_patients_served":{
        "mean":75120.7,
        "std":321.006622555,
        "max":75838.0,
        "min":74278.0,
        "median":75169.0
    }
}

{
    "('queue_size_mean', 'mean')":{
        "total":3492.8432716049
    },
    "('queue_size_mean', 'std')":{
        "total":253.0287923479
    },
    "('queue_size_mean', 'median')":{
        "total":3510.2703703704
    },
    "('queue_size_max', 'mean')":{
        "total":5133.3666666667
    },
    "('queue_size_max', 'std')":{
        "total":317.32931696
    },
    "('queue_size_max', 'max')":{
        "total":5813
    }
}

{
    "('utilization_mean', 'mean')":{
        "Single_Queue":1.027979347
    },
    "('utilization_mean', 'std')":{
        "Single_Queue":0.0006425352
    },
    "('utilization_mean', 'median')":{
        "Single_Queue":1.028018547
    },
    "('utilization_max', 'mean')":{
        "Single_Queue":1.1206393075
    },
    "('utilization_max', 'std')":{
        "Single_Queue":0.0163090894
    },
    "('utilization_max', 'max')":{
        "Single_Queue":1.1695146271
    }
}