{
    "Stage_1\/2":{
        "count_mean":3911.0666666667,
        "count_std":59.5268315817,
        "count_max":4071.0,
        "count_min":3817.0,
        "count_median":3907.0,
        "percentage_of_total_scans_mean":5.4151528114,
        "percentage_of_total_scans_std":0.0780739966,
        "percentage_of_total_scans_max":5.6233942039,
        "percentage_of_total_scans_min":5.2869464256,
        "percentage_of_total_scans_median":5.4096590615,
        "percentage_of_positive_biopsies_mean":70.0091343308,
        "percentage_of_positive_biopsies_std":0.6923992741,
        "percentage_of_positive_biopsies_max":71.6220971147,
        "percentage_of_positive_biopsies_min":68.8197193235,
        "percentage_of_positive_biopsies_median":69.8588379538
    },
    "Stage_3\/4":{
        "count_mean":1675.4333333333,
        "count_std":42.8796900186,
        "count_max":1739.0,
        "count_min":1593.0,
        "count_median":1678.5,
        "percentage_of_total_scans_mean":2.3197593323,
        "percentage_of_total_scans_std":0.0583801978,
        "percentage_of_total_scans_max":2.4151771454,
        "percentage_of_total_scans_min":2.2124692713,
        "percentage_of_total_scans_median":2.3211776299,
        "percentage_of_positive_biopsies_mean":29.9908656692,
        "percentage_of_positive_biopsies_std":0.6923992741,
        "percentage_of_positive_biopsies_max":31.1802806765,
        "percentage_of_positive_biopsies_min":28.3779028853,
        "percentage_of_positive_biopsies_median":30.1411620462
    }
}

{
    "in_queue_mean":{
        "mean":30.1697995147,
        "std":1.4656380737,
        "median":30.2203953783,
        "max":null
    },
    "in_queue_max":{
        "mean":88.050144218,
        "std":3.8600226479,
        "median":null,
        "max":96.7185561729
    },
    "in_system_mean":{
        "mean":30.1802074559,
        "std":1.4656544162,
        "median":30.230824631,
        "max":null
    },
    "in_system_max":{
        "mean":88.0708438218,
        "std":3.8622759192,
        "median":null,
        "max":96.7353879741
    },
    "service_time_mean":{
        "mean":14.9874352837,
        "std":0.0411544217,
        "median":14.9942292258,
        "max":null
    }
}

{
    "('id', 'total_unique_arrivals')":{
        "mean":55410.3333333333,
        "std":205.0559777792,
        "max":55979.0,
        "min":54997.0,
        "median":55386.5
    },
    "('id', 'total_patients_returned_to_queue')":{
        "mean":72224.2333333333,
        "std":291.0889997013,
        "max":72940.0,
        "min":71705.0,
        "median":72195.0
    }
}

{
    "('queue_size_mean', 'mean')":{
        "total":2281.0832407407
    },
    "('queue_size_mean', 'std')":{
        "total":117.9696432748
    },
    "('queue_size_mean', 'median')":{
        "total":2284.075
    },
    "('queue_size_max', 'mean')":{
        "total":7091.8666666667
    },
    "('queue_size_max', 'std')":{
        "total":316.9308347621
    },
    "('queue_size_max', 'max')":{
        "total":7835
    }
}

{
    "('utilization_mean', 'mean')":{
        "Single_Queue":0.7837852861
    },
    "('utilization_mean', 'std')":{
        "Single_Queue":0.0026005267
    },
    "('utilization_mean', 'median')":{
        "Single_Queue":0.7836976401
    },
    "('utilization_max', 'mean')":{
        "Single_Queue":1.116830524
    },
    "('utilization_max', 'std')":{
        "Single_Queue":0.0125129956
    },
    "('utilization_max', 'max')":{
        "Single_Queue":1.1522917255
    }
}