{
    "Stage_1\/2":{
        "count_mean":2849.7333333333,
        "count_std":50.8953851531,
        "count_max":2966.0,
        "count_min":2742.0,
        "count_median":2839.0,
        "percentage_of_total_scans_mean":3.7886872525,
        "percentage_of_total_scans_std":0.0629118239,
        "percentage_of_total_scans_max":3.9291013141,
        "percentage_of_total_scans_min":3.6405156733,
        "percentage_of_total_scans_median":3.7752463366,
        "percentage_of_positive_biopsies_mean":70.0275724642,
        "percentage_of_positive_biopsies_std":0.7341082552,
        "percentage_of_positive_biopsies_max":71.3390170512,
        "percentage_of_positive_biopsies_min":68.5700575816,
        "percentage_of_positive_biopsies_median":69.8077803223
    },
    "Stage_3\/4":{
        "count_mean":1219.8333333333,
        "count_std":38.8845180904,
        "count_max":1310.0,
        "count_min":1143.0,
        "count_median":1217.5,
        "percentage_of_total_scans_mean":1.6217695139,
        "percentage_of_total_scans_std":0.0511725206,
        "percentage_of_total_scans_max":1.7436443498,
        "percentage_of_total_scans_min":1.5221531209,
        "percentage_of_total_scans_median":1.6223196534,
        "percentage_of_positive_biopsies_mean":29.9724275358,
        "percentage_of_positive_biopsies_std":0.7341082552,
        "percentage_of_positive_biopsies_max":31.4299424184,
        "percentage_of_positive_biopsies_min":28.6609829488,
        "percentage_of_positive_biopsies_median":30.1922196777
    }
}

{
    "in_queue_mean":{
        "mean":2.1197425759,
        "std":0.3840016876,
        "median":1.9940502508,
        "max":null
    },
    "in_queue_max":{
        "mean":5.9044728791,
        "std":0.7783086524,
        "median":null,
        "max":7.4260703176
    },
    "in_system_mean":{
        "mean":2.1301673504,
        "std":0.3840165803,
        "median":2.0044636493,
        "max":null
    },
    "in_system_max":{
        "mean":5.9221146296,
        "std":0.778451095,
        "median":null,
        "max":7.4329485576
    },
    "service_time_mean":{
        "mean":15.0116751659,
        "std":0.0552908717,
        "median":15.0147285286,
        "max":null
    }
}

{
    "('id', 'total_unique_arrivals')":{
        "mean":58225.3666666667,
        "std":253.8862742054,
        "max":58728.0,
        "min":57764.0,
        "median":58215.5
    },
    "('id', 'total_patients_returned_to_queue')":{
        "mean":75215.8666666667,
        "std":278.3508990259,
        "max":75731.0,
        "min":74592.0,
        "median":75275.0
    }
}

{
    "('queue_size_mean', 'mean')":{
        "total":131.0064814815
    },
    "('queue_size_mean', 'std')":{
        "total":27.1170178373
    },
    "('queue_size_mean', 'median')":{
        "total":122.0175925926
    },
    "('queue_size_max', 'mean')":{
        "total":359.7666666667
    },
    "('queue_size_max', 'std')":{
        "total":59.3212663695
    },
    "('queue_size_max', 'max')":{
        "total":471
    }
}

{
    "('utilization_mean', 'mean')":{
        "Single_Queue":0.8514053896
    },
    "('utilization_mean', 'std')":{
        "Single_Queue":0.0036369707
    },
    "('utilization_mean', 'median')":{
        "Single_Queue":0.8519971364
    },
    "('utilization_max', 'mean')":{
        "Single_Queue":1.1226000931
    },
    "('utilization_max', 'std')":{
        "Single_Queue":0.0183921047
    },
    "('utilization_max', 'max')":{
        "Single_Queue":1.1665261459
    }
}