{
    "Stage_1\/2":{
        "count_mean":2366.0,
        "count_std":63.6206429306,
        "count_max":2476.0,
        "count_min":2248.0,
        "count_median":2363.0,
        "percentage_of_total_scans_mean":3.4992301822,
        "percentage_of_total_scans_std":0.0906263024,
        "percentage_of_total_scans_max":3.6627760766,
        "percentage_of_total_scans_min":3.3479283948,
        "percentage_of_total_scans_median":3.4791174983,
        "percentage_of_positive_biopsies_mean":64.4313730726,
        "percentage_of_positive_biopsies_std":0.7033052917,
        "percentage_of_positive_biopsies_max":65.9387483356,
        "percentage_of_positive_biopsies_min":62.8913694528,
        "percentage_of_positive_biopsies_median":64.3271926151
    },
    "Stage_3\/4":{
        "count_mean":1305.9333333333,
        "count_std":34.2907782248,
        "count_max":1363.0,
        "count_min":1241.0,
        "count_median":1314.5,
        "percentage_of_total_scans_mean":1.9314170989,
        "percentage_of_total_scans_std":0.0482689825,
        "percentage_of_total_scans_max":2.0083756046,
        "percentage_of_total_scans_min":1.8439063497,
        "percentage_of_total_scans_median":1.9359692182,
        "percentage_of_positive_biopsies_mean":35.5686269274,
        "percentage_of_positive_biopsies_std":0.7033052917,
        "percentage_of_positive_biopsies_max":37.1086305472,
        "percentage_of_positive_biopsies_min":34.0612516644,
        "percentage_of_positive_biopsies_median":35.6728073849
    }
}

{
    "in_queue_mean":{
        "max":null,
        "mean":237.4301322831,
        "median":237.9326684849,
        "std":3.3711019943
    },
    "in_queue_max":{
        "max":337.3677843228,
        "mean":331.7220063051,
        "median":null,
        "std":3.9460887368
    },
    "in_system_mean":{
        "max":null,
        "mean":237.4405567061,
        "median":237.9431152769,
        "std":3.3711066557
    },
    "in_system_max":{
        "max":337.3823251245,
        "mean":331.7403200701,
        "median":null,
        "std":3.9472535959
    },
    "service_time_mean":{
        "max":null,
        "mean":15.0111692012,
        "median":15.02394028,
        "std":0.0580831064
    }
}

{
    "id_total_unique_arrivals":{
        "mean":82644.9666666667,
        "std":337.7074313595,
        "max":83560.0,
        "min":82065.0,
        "median":82581.5
    },
    "id_total_patients_returned_to_queue":{
        "mean":95665.3333333333,
        "std":352.9220225815,
        "max":96525.0,
        "min":94898.0,
        "median":95685.5
    },
    "id_total_patients_served":{
        "mean":67821.5,
        "std":342.2267598719,
        "max":69118.0,
        "min":67358.0,
        "median":67764.5
    }
}

{
    "('queue_size_mean', 'mean')":{
        "total":19610.5711111111
    },
    "('queue_size_mean', 'std')":{
        "total":283.4216638137
    },
    "('queue_size_mean', 'median')":{
        "total":19645.7569444444
    },
    "('queue_size_max', 'mean')":{
        "total":27870.3666666667
    },
    "('queue_size_max', 'std')":{
        "total":404.6443720307
    },
    "('queue_size_max', 'max')":{
        "total":28550
    }
}

{
    "('utilization_mean', 'mean')":{
        "Single_Queue":1.0278161756
    },
    "('utilization_mean', 'std')":{
        "Single_Queue":0.0007293199
    },
    "('utilization_mean', 'median')":{
        "Single_Queue":1.0279659279
    },
    "('utilization_max', 'mean')":{
        "Single_Queue":1.121367599
    },
    "('utilization_max', 'std')":{
        "Single_Queue":0.013589119
    },
    "('utilization_max', 'max')":{
        "Single_Queue":1.1456050904
    }
}