{
    "Stage_1\/2":{
        "count_mean":3526.5,
        "count_std":31.8198051534,
        "count_max":3549.0,
        "count_min":3504.0,
        "count_median":3526.5,
        "percentage_of_total_scans_mean":5.1613175194,
        "percentage_of_total_scans_std":0.0452355336,
        "percentage_of_total_scans_max":5.1933038719,
        "percentage_of_total_scans_min":5.1293311668,
        "percentage_of_total_scans_median":5.1613175194,
        "percentage_of_positive_biopsies_mean":67.384853238,
        "percentage_of_positive_biopsies_std":0.2569230379,
        "percentage_of_positive_biopsies_max":67.5665252603,
        "percentage_of_positive_biopsies_min":67.2031812157,
        "percentage_of_positive_biopsies_median":67.384853238
    },
    "Stage_3\/4":{
        "count_mean":1707.0,
        "count_std":35.3553390593,
        "count_max":1732.0,
        "count_min":1682.0,
        "count_median":1707.0,
        "percentage_of_total_scans_mean":2.4983285646,
        "percentage_of_total_scans_std":0.0510990667,
        "percentage_of_total_scans_max":2.5344610612,
        "percentage_of_total_scans_min":2.4621960681,
        "percentage_of_total_scans_median":2.4983285646,
        "percentage_of_positive_biopsies_mean":32.615146762,
        "percentage_of_positive_biopsies_std":0.2569230379,
        "percentage_of_positive_biopsies_max":32.7968187843,
        "percentage_of_positive_biopsies_min":32.4334747397,
        "percentage_of_positive_biopsies_median":32.615146762
    }
}

{
    "in_queue_mean":{
        "mean":176.5918310792,
        "std":3.1197884878,
        "median":176.5918310792,
        "max":null
    },
    "in_queue_max":{
        "mean":239.1349726074,
        "std":0.3833628496,
        "median":null,
        "max":239.406051078
    },
    "in_system_mean":{
        "mean":176.6022479001,
        "std":3.1197431568,
        "median":176.6022479001,
        "max":null
    },
    "in_system_max":{
        "mean":239.1512603343,
        "std":0.3874166274,
        "median":null,
        "max":239.4252052587
    },
    "service_time_mean":{
        "mean":15.0002220315,
        "std":0.0652766185,
        "median":15.0002220315,
        "max":null
    }
}

{
    "('id', 'total_unique_arrivals')":{
        "mean":50204.5,
        "std":180.3122292026,
        "max":50332.0,
        "min":50077.0,
        "median":50204.5
    },
    "('id', 'total_patients_returned_to_queue')":{
        "mean":68325.5,
        "std":17.6776695297,
        "max":68338.0,
        "min":68313.0,
        "median":68325.5
    }
}

{
    "('queue_size_mean', 'mean')":{
        "total":13698.0472222222
    },
    "('queue_size_mean', 'std')":{
        "total":240.5354661906
    },
    "('queue_size_mean', 'median')":{
        "total":13698.0472222222
    },
    "('queue_size_max', 'mean')":{
        "total":19421.5
    },
    "('queue_size_max', 'std')":{
        "total":96.8736290226
    },
    "('queue_size_max', 'max')":{
        "total":19490
    }
}

{
    "('utilization_mean', 'mean')":{
        "Single_Queue":0.9427108489
    },
    "('utilization_mean', 'std')":{
        "Single_Queue":0.0044847002
    },
    "('utilization_mean', 'median')":{
        "Single_Queue":0.9427108489
    },
    "('utilization_max', 'mean')":{
        "Single_Queue":1.1308765127
    },
    "('utilization_max', 'std')":{
        "Single_Queue":0.0112597506
    },
    "('utilization_max', 'max')":{
        "Single_Queue":1.1388383587
    }
}